# Accuracy (train)	Balanced Accuracy (train)	Balanced F-score (train)	ROC AUC (train)	Accuracy (test)	Balanced Accuracy (test)	Balanced F-score (test)	ROC AUC (test)
9.979300984051577839e-01 9.970224988391078735e-01 9.984937899701227249e-01 9.999821051415217488e-01 9.968444625407165693e-01 9.956742378635123902e-01 9.977038737871267715e-01 9.999184122710254030e-01
9.982015609093993769e-01 9.975731906035594232e-01 9.986907438057359698e-01 9.999688663814580991e-01 9.962337133550488444e-01 9.952282740983808829e-01 9.972586500703859436e-01 9.998356884811511192e-01
9.959960639272504856e-01 9.969071937195790323e-01 9.970758784754918391e-01 9.999772393473325138e-01 9.948081034307237891e-01 9.956891803139764630e-01 9.962073324905182936e-01 9.998287305161099869e-01
9.976587153472905589e-01 9.977655752269525280e-01 9.982932198778043942e-01 9.999629891995754916e-01 9.964369337269672888e-01 9.966992224741001438e-01 9.974010544293457903e-01 9.999559427670060563e-01
9.978622327790973578e-01 9.981783355053250872e-01 9.984411728318692836e-01 9.999888672046359783e-01 9.953175895765472569e-01 9.958839833083540372e-01 9.965814506539834028e-01 9.999037312932453903e-01
9.969799796403121528e-01 9.969184966106268142e-01 9.977986099087288174e-01 9.998345959647225722e-01 9.954193811074918408e-01 9.949879450324290442e-01 9.966619686966842195e-01 9.998049733481227941e-01
9.987445285195616362e-01 9.982037886670992455e-01 9.990860361139243251e-01 9.999822301085402598e-01 9.977603583426651879e-01 9.972222516472109000e-01 9.983691623424758577e-01 9.999656690632516831e-01
9.995249567371313759e-01 9.993894608710145455e-01 9.996540134440490277e-01 9.999974965956642814e-01 9.989819810648478127e-01 9.988175568314230368e-01 9.992584902862227114e-01 9.999870476549994613e-01
9.937563624024431386e-01 9.953347114246768879e-01 9.954324297487836537e-01 9.999702768808058639e-01 9.924674267100976888e-01 9.943365601159807055e-01 9.944841979725700387e-01 9.998683525435130282e-01
9.981336952833389509e-01 9.981409404895913440e-01 9.986398595345846729e-01 9.999581621940522025e-01 9.963355048859935392e-01 9.962725886213430471e-01 9.973285841495992399e-01 9.999078546009150248e-01
9.986427335346611533e-01 9.984529415883554027e-01 9.990113203816304299e-01 9.999873332019937333e-01 9.967423394075130005e-01 9.962161818605537178e-01 9.976271689159127432e-01 9.998884846430450279e-01
9.988463235044620081e-01 9.986306271300667836e-01 9.991597054026000180e-01 9.999846586247119751e-01 9.984729715972716635e-01 9.984468019745345035e-01 9.988873228988948139e-01 9.999834845563749797e-01
9.987444859178825629e-01 9.987033583486870647e-01 9.990852678681797494e-01 9.999785636179605586e-01 9.977605863192182678e-01 9.979280086245209125e-01 9.983672257681459605e-01 9.999699641634925973e-01
9.978961655921275709e-01 9.980854803881766824e-01 9.984661817821978147e-01 9.999705567978600662e-01 9.968444625407165693e-01 9.972606723051562483e-01 9.976980767802777761e-01 9.999184460260972518e-01
9.987784601811950935e-01 9.983460681547551285e-01 9.991105840498073487e-01 9.999883816362882261e-01 9.981675659167260628e-01 9.980479756784813583e-01 9.986648865153537891e-01 9.998803954461673582e-01
9.985409385497607815e-01 9.981730577741323440e-01 9.989374583014157816e-01 9.999861135947533120e-01 9.973531507686043129e-01 9.969256477616998957e-01 9.980720747441791385e-01 9.999358160747748858e-01
9.968442483881914118e-01 9.974956560164172092e-01 9.976969366781407444e-01 9.999835067716925652e-01 9.971498371335505428e-01 9.973949687952207155e-01 9.979213066072754046e-01 9.999326119052718287e-01
9.986087546657618219e-01 9.984869783560207379e-01 9.989864280240290384e-01 9.999759971569763817e-01 9.964372964169381230e-01 9.965231239697431853e-01 9.974022118310694740e-01 9.999258600237247441e-01
9.936887109361745019e-01 9.953440851696668812e-01 9.953820944436168050e-01 9.999885849041616481e-01 9.897180087549628524e-01 9.925107518908498072e-01 9.924542398206946947e-01 9.999688469620250375e-01
9.990838451358963201e-01 9.990387649486804911e-01 9.993325587719081859e-01 9.999874776291669543e-01 9.965387356204825631e-01 9.963324399906781093e-01 9.974773705297521609e-01 9.999506462690505026e-01
