# Accuracy (train)	Balanced Accuracy (train)	Balanced F-score (train)	ROC AUC (train)	Accuracy (test)	Balanced Accuracy (test)	Balanced F-score (test)	ROC AUC (test)
9.920159680638722666e-01 9.938872255489021867e-01 9.953235908141961907e-01 9.997811678705131877e-01 7.393071000855432340e-01 4.406187624750498855e-01 8.495618906577810936e-01 2.679719154505360579e-01
9.974337040205303317e-01 9.964238190286094365e-01 9.985019973368841617e-01 9.999413182948806433e-01 7.489307100085542679e-01 5.479041916167665116e-01 8.499105088212735026e-01 5.895333210823860970e-01
9.961505560307954976e-01 9.950515635395875691e-01 9.977518734388011179e-01 9.999030133346082927e-01 8.015397775876818010e-01 5.792165668662674349e-01 8.849491693528390712e-01 7.394847281484933088e-01
9.958654120330766579e-01 9.969644045242846975e-01 9.975829304884147319e-01 9.999201945410576275e-01 7.707442258340462260e-01 4.564620758483033947e-01 8.701864858319205975e-01 4.240006140413783431e-01
9.984317080125463262e-01 9.976297405189620271e-01 9.990848585690516037e-01 9.999185345211107911e-01 7.027373823781009055e-01 4.273952095808383200e-01 8.241841639261319186e-01 5.160468733192298263e-01
9.979327060165383845e-01 9.979624085163006919e-01 9.987930245140882457e-01 9.999714476569150357e-01 6.911890504704876204e-01 5.036177644710578827e-01 8.096493540732928595e-01 6.094984432332939406e-01
9.970772740233817544e-01 9.972554890219560431e-01 9.982928758795852620e-01 9.999710741524270308e-01 7.247647562018819656e-01 4.240269461077844082e-01 8.403423892817267760e-01 2.364692396643837957e-01
9.990732820074137432e-01 9.986277445109780215e-01 9.994593020837666542e-01 9.999787102441822784e-01 7.788708297690333238e-01 4.792914171656686984e-01 8.744840980820588472e-01 6.591816367265468379e-01
9.944396920444824595e-01 9.921823020625415435e-01 9.967518947280753494e-01 9.997163855920891962e-01 7.966210436270316775e-01 5.913173652694609927e-01 8.810506566604127121e-01 7.060353469707292273e-01
9.987168520102651659e-01 9.971723220226214046e-01 9.992515592515592848e-01 9.999029303336108843e-01 7.910607356715141369e-01 4.658183632734531066e-01 8.831479488099510666e-01 3.972268785781730149e-01
9.962931280296549730e-01 9.972139055222888349e-01 9.978335138738438914e-01 9.999753902042887166e-01 8.261334473909324183e-01 6.197604790419162235e-01 8.995924416450536976e-01 7.601021758877454237e-01
9.962931280296549730e-01 9.978376580172987342e-01 9.978329721620270432e-01 9.998813085738038620e-01 6.986740804106074121e-01 4.942614770459081708e-01 8.161774298760600121e-01 6.206025449101796321e-01
9.989307100085542679e-01 9.981287425149700798e-01 9.993761696818465046e-01 9.999182855181187879e-01 7.585543199315654128e-01 6.470808383233532801e-01 8.507995242500330235e-01 7.624997011964096405e-01
9.953664100370687162e-01 9.939703925482368252e-01 9.972933583177181482e-01 9.998578607920552974e-01 7.476475620188195448e-01 5.190868263473054078e-01 8.507462686567164312e-01 5.672580736730132855e-01
9.991445680068434809e-01 9.992930805056553512e-01 9.995007904151759215e-01 9.999979249750664545e-01 7.604790419161676640e-01 4.897704590818363624e-01 8.614547253834735629e-01 6.540237264990976795e-01
9.954376960364984539e-01 9.967149035262807821e-01 9.973322217590663286e-01 9.999734811813498769e-01 6.980325064157399950e-01 4.589570858283433252e-01 8.183689220478517212e-01 5.361619575220815115e-01
9.982178500142572242e-01 9.985445775116433831e-01 9.989595038914554914e-01 9.999896663758311988e-01 8.088109495295123796e-01 6.190119760479042554e-01 8.880540946656649837e-01 7.748298313552535177e-01
9.962931280296549730e-01 9.955505655355955108e-01 9.978349571154967457e-01 9.993220271034777280e-01 8.440975192472198740e-01 6.545658682634730718e-01 9.100333209922251143e-01 7.476792298636260048e-01
9.920159680638722666e-01 9.801646706586826241e-01 9.953492234864214083e-01 9.994983834725758021e-01 8.004704875962360688e-01 4.819111776447105311e-01 8.885437821048858265e-01 3.321416672642738543e-01
9.970059880239521277e-01 9.967980705256154206e-01 9.982514571190674868e-01 9.999277061313168735e-01 6.943969204448245947e-01 5.129740518962075946e-01 8.114029299194931433e-01 5.843363796359376527e-01
