# Accuracy (train)	Balanced Accuracy (train)	Balanced F-score (train)	ROC AUC (train)	Accuracy (test)	Balanced Accuracy (test)	Balanced F-score (test)	ROC AUC (test)
9.041916167664670878e-01 8.899977822133511296e-01 9.349740347708286325e-01 9.645527456213469630e-01 7.764471057884231309e-01 6.107784431137724956e-01 8.634146341463414531e-01 6.040837486703239945e-01
9.199933466400532778e-01 9.272565979152804783e-01 9.447887970615244102e-01 9.805437731028663340e-01 7.160678642714570774e-01 5.182967398536261205e-01 8.284077201447527239e-01 5.055511067020981297e-01
9.181636726546905658e-01 9.104014193834553126e-01 9.443564804342907681e-01 9.756707476597039630e-01 7.602295409181636376e-01 5.650365934797072498e-01 8.566741237882178339e-01 6.252006964115681686e-01
9.768795741849634062e-01 9.702816589044134243e-01 9.845692717584368925e-01 9.968016395685010966e-01 7.225548902195608747e-01 5.232867598137059817e-01 8.328824767057408929e-01 6.412593973729188157e-01
9.839487691284098947e-01 9.810933688179197532e-01 9.892724139847700604e-01 9.984145333934777433e-01 7.460079840319361333e-01 5.043246839654025315e-01 8.536515238642897740e-01 5.139581117206705185e-01
9.570858283433133495e-01 9.609669549789310317e-01 9.708606279647616910e-01 9.937210852192267518e-01 5.978043912175649011e-01 5.555555555555555802e-01 7.047619047619048116e-01 5.944851813339389057e-01
9.356287425149700798e-01 9.412286538035040673e-01 9.558924093913836462e-01 9.868903982528032248e-01 7.310379241516966609e-01 5.412508316699933264e-01 8.370123979437557038e-01 6.363020798057910099e-01
9.667332002661344070e-01 9.457751164337990790e-01 9.780388711979794980e-01 9.940879680721355083e-01 7.460079840319361333e-01 5.149700598802394724e-01 8.522925130586187503e-01 5.710073532243563621e-01
9.363772455089820479e-01 9.253160345974718037e-01 9.571500588136447885e-01 9.810954346205201793e-01 6.459580838323353280e-01 4.462741184298070762e-01 7.817930186067968412e-01 3.310610980301539330e-01
9.406187624750499410e-01 9.355732978487469875e-01 9.598199212155318349e-01 9.848980238679880816e-01 7.594810379241516696e-01 5.505655355954757191e-01 8.579428234600648961e-01 7.129876972601703056e-01
9.261477045908184103e-01 9.214903526280771029e-01 9.497623896809231914e-01 9.793104336163924728e-01 5.973053892215568483e-01 5.578842315369261229e-01 7.034178610804850962e-01 6.015349540440078080e-01
9.284763805721889529e-01 9.021956087824352100e-01 9.524336283185840246e-01 9.736582316995343600e-01 7.252994011976048316e-01 4.911842980705256601e-01 8.397146600669675998e-01 4.615096154995398381e-01
9.622421823020624876e-01 9.570858283433134606e-01 9.746397050608871515e-01 9.927947387549140856e-01 7.305389221556886081e-01 4.903526280771789980e-01 8.438403701561595360e-01 3.457716967927086937e-01
9.271457085828342937e-01 9.085163007318696193e-01 9.511542321846772063e-01 9.755069221356208464e-01 7.305389221556886081e-01 4.906852960745176073e-01 8.437951981486837560e-01 4.205240550170450398e-01
9.121756487025948212e-01 9.210467952982923645e-01 9.391284297901775213e-01 9.801841205590593464e-01 6.841317365269461437e-01 5.066533599467730742e-01 8.035991312441823631e-01 5.191690803356694417e-01
9.167498336660013791e-01 9.171102239964515901e-01 9.428946317530948473e-01 9.776505243375894771e-01 6.871257485029940160e-01 5.552228875582169154e-01 7.970216898672709549e-01 6.567628216620651216e-01
9.270625415834996552e-01 9.161122200044355957e-01 9.507164933970215781e-01 9.770954136673793977e-01 7.405189620758483304e-01 5.039920159680638667e-01 8.495805611802139667e-01 6.207667831336661779e-01
9.473552894211576536e-01 9.500443557329785182e-01 9.641785977024502907e-01 9.899897477168084770e-01 6.497005988023951684e-01 5.864936793080505195e-01 7.532513181019332427e-01 5.889085103246600728e-01
9.347970725216234733e-01 9.354624085163008029e-01 9.555353901996370691e-01 9.852762870798653649e-01 7.155688622754491357e-01 5.163007318695941317e-01 8.283132530120482784e-01 4.657831708505809631e-01
9.286427145708582298e-01 9.281437125748502881e-01 9.512942779291552187e-01 9.824118488829982621e-01 5.336826347305388962e-01 4.219893546240851556e-01 6.748999826056705231e-01 4.100426890729518825e-01
