9.645527456213469630e-01
9.805437731028663340e-01
9.756707476597039630e-01
9.968016395685010966e-01
9.984145333934777433e-01
9.937210852192267518e-01
9.868903982528032248e-01
9.940879680721355083e-01
9.810954346205201793e-01
9.848980238679880816e-01
9.793104336163924728e-01
9.736582316995343600e-01
9.927947387549140856e-01
9.755069221356208464e-01
9.801841205590593464e-01
9.776505243375894771e-01
9.770954136673793977e-01
9.899897477168084770e-01
9.852762870798653649e-01
9.824118488829982621e-01
