0.000000000000000000e+00 0.000000000000000000e+00 0.000000000000000000e+00 0.000000000000000000e+00 0.000000000000000000e+00 0.000000000000000000e+00 0.000000000000000000e+00 0.000000000000000000e+00 0.000000000000000000e+00 0.000000000000000000e+00 0.000000000000000000e+00 0.000000000000000000e+00 0.000000000000000000e+00 0.000000000000000000e+00 0.000000000000000000e+00 0.000000000000000000e+00 0.000000000000000000e+00 0.000000000000000000e+00 0.000000000000000000e+00 0.000000000000000000e+00
6.151031270791750272e-01 7.816589044133954722e-01 7.011532490574406973e-01 9.407850964737192179e-01 9.721667775559991176e-01 8.944333555111998457e-01 7.955200709691727656e-01 9.074074074074074403e-01 7.289864715014415797e-01 8.161454868041694288e-01 7.526058993124861152e-01 6.696606786427146130e-01 8.966511421601242038e-01 7.526058993124861152e-01 8.058327788866711527e-01 7.461743180306054102e-01 7.076957196717675869e-01 8.153692614770459146e-01 8.124861388334442269e-01 7.458416500332667454e-01
7.070303836770902572e-01 8.371035706365047568e-01 7.712353071634509005e-01 9.638500776225327193e-01 9.841428254601907177e-01 9.301397205588822770e-01 8.525171878465291897e-01 9.503215790640939797e-01 8.097139055222887238e-01 8.703703703703703498e-01 8.133732534930139257e-01 7.600354845863828146e-01 9.345752938567309931e-01 8.176979374584164573e-01 8.407629186072299587e-01 8.124861388334442269e-01 7.804391217564869976e-01 8.896651142160124648e-01 8.670436903969838127e-01 8.076070082058105504e-01
7.599245952539365190e-01 8.636061210911509800e-01 8.113772455089820479e-01 9.744954535373696602e-01 9.890219560878243943e-01 9.523175870481259686e-01 9.019738301175427297e-01 9.641827456198713842e-01 8.572854291417165706e-01 8.921046795298291920e-01 8.531825238412065193e-01 8.140385894876912554e-01 9.488800177422931359e-01 8.519627411842980447e-01 8.589487691284098947e-01 8.371035706365047568e-01 8.333333333333333703e-01 9.158349966733200231e-01 8.946551341760922149e-01 8.432024839210467970e-01
7.874251497005988476e-01 8.838988689288090894e-01 8.499667332002661668e-01 9.829230428032823541e-01 9.907961854069639029e-01 9.655134176092260434e-01 9.199379019738300745e-01 9.689509869150587651e-01 8.860057662452871519e-01 9.094034153914393181e-01 8.824573076070082456e-01 8.414282546019072884e-01 9.607451763140385514e-01 8.723663783544023387e-01 8.771346196495897196e-01 8.549567531603460280e-01 8.673763583943224775e-01 9.411177644710578827e-01 9.110667553781326422e-01 8.735861610113107023e-01
8.165890441339542782e-01 9.011976047904192155e-01 8.628298957640274658e-01 9.856952761144377462e-01 9.927921933909957808e-01 9.717232202262142682e-01 9.335772898647149987e-01 9.736083388777999614e-01 9.035262807717897582e-01 9.217121312929695831e-01 8.960966954978930588e-01 8.636061210911509800e-01 9.661787536039032620e-01 8.865602129075182969e-01 8.892215568862275044e-01 8.772455089820359042e-01 8.853404302506099333e-01 9.492126857396318007e-01 9.203814593036150349e-01 8.996451541361720761e-01
8.359946773120425778e-01 9.161676646706586880e-01 8.795741849634065579e-01 9.876912840984697350e-01 9.936793080505655906e-01 9.757152361942781349e-01 9.437791084497670901e-01 9.777112441783100127e-01 9.171656686626746824e-01 9.337990685296074789e-01 9.060767354180527811e-01 8.780217343091594184e-01 9.716123308937679726e-01 9.045242847638057526e-01 9.023064981148813946e-01 8.924373475271678569e-01 9.015302727877577693e-01 9.573076070082058298e-01 9.331337325349301492e-01 9.161676646706586880e-01
8.476380572188955131e-01 9.254823685961410806e-01 8.927700155245065217e-01 9.911288534043024567e-01 9.948990907074739543e-01 9.799290308272343708e-01 9.510978043912176050e-01 9.799290308272343708e-01 9.278110445775116233e-01 9.427811044577512067e-01 9.180527833222443812e-01 8.931026835218451865e-01 9.742736748724772911e-01 9.135063206919494805e-01 9.143934353515191793e-01 9.036371701042359428e-01 9.131736526946108157e-01 9.640718562874251996e-01 9.397870924817032234e-01 9.253714792636947850e-01
8.562874251497005762e-01 9.331337325349301492e-01 9.054113994233754514e-01 9.922377467287647468e-01 9.953426480372588037e-01 9.821468174761588399e-01 9.552007096917276563e-01 9.829230428032823541e-01 9.375693058327788654e-01 9.487691284098469513e-01 9.249279219339099356e-01 9.047460634286981218e-01 9.780439121756486776e-01 9.233754712796629072e-01 9.232645819472167226e-01 9.158349966733200231e-01 9.212685739631847337e-01 9.697272122421822793e-01 9.461077844311377438e-01 9.391217564870258938e-01
8.723663783544023387e-01 9.379019738301175302e-01 9.139498780217343299e-01 9.935684187181192950e-01 9.958970946994899487e-01 9.860279441117764110e-01 9.621867376358393953e-01 9.870259481037924054e-01 9.441117764471057550e-01 9.523175870481259686e-01 9.337990685296074789e-01 9.156132180084275429e-01 9.809270348192503652e-01 9.310268352184519758e-01 9.309159458860057912e-01 9.229319139498780578e-01 9.302506098913284616e-01 9.746063428698159559e-01 9.508760257263251248e-01 9.497671324018629457e-01
8.838988689288090894e-01 9.430028831226435759e-01 9.231536926147704269e-01 9.948990907074739543e-01 9.964515413617209827e-01 9.883566200931470647e-01 9.671767575959192564e-01 9.889110667553780987e-01 9.505433577289864600e-01 9.558660456864049859e-01 9.387890884896873400e-01 9.283654912397427683e-01 9.824794854734975047e-01 9.363495231758705017e-01 9.385673098247948598e-01 9.298070525615436122e-01 9.356841871811931721e-01 9.778221335107563084e-01 9.564204923486360199e-01 9.557551563539588013e-01
8.957640275005543939e-01 9.492126857396318007e-01 9.301397205588822770e-01 9.958970946994899487e-01 9.972277666888444969e-01 9.897981814149479085e-01 9.722776668884453022e-01 9.893546240851630591e-01 9.544244843646041421e-01 9.614105123087158811e-01 9.452206697715679340e-01 9.333555111998226295e-01 9.840319361277445331e-01 9.397870924817032234e-01 9.463295630960301130e-01 9.357950765136393567e-01 9.416722111332890277e-01 9.803725881570193312e-01 9.599689509869150372e-01 9.625194056331780601e-01
9.049678420935906020e-01 9.546462630294965113e-01 9.369039698381015357e-01 9.964515413617209827e-01 9.980039920159680111e-01 9.912397427367487523e-01 9.764914615214016491e-01 9.902417387447327579e-01 9.585273896651141934e-01 9.658460856065645972e-01 9.507651363938789402e-01 9.393435351519183740e-01 9.853626081170990814e-01 9.433355511199822407e-01 9.503215790640939797e-01 9.433355511199822407e-01 9.464404524284764086e-01 9.828121534708360585e-01 9.631847416278553897e-01 9.664005322687957422e-01
9.129518740297183355e-01 9.581947216677755286e-01 9.444444444444444198e-01 9.968950986915058321e-01 9.983366600133066759e-01 9.917941893989797864e-01 9.778221335107563084e-01 9.911288534043024567e-01 9.644045242847637534e-01 9.687292082501662849e-01 9.547571523619428069e-01 9.446662231093369000e-01 9.870259481037924054e-01 9.469948990907074426e-01 9.527611443779108180e-01 9.482146817476159173e-01 9.516522510534486390e-01 9.842537147926369023e-01 9.675094255932579212e-01 9.699489909070747595e-01
9.219339099578620633e-01 9.615214016411620657e-01 9.500998003992016105e-01 9.971168773563983123e-01 9.988911066755378210e-01 9.933466400532269258e-01 9.800399201596806664e-01 9.914615214016411215e-01 9.671767575959192564e-01 9.723885562208915978e-01 9.584165003326680088e-01 9.500998003992016105e-01 9.884675094255932493e-01 9.503215790640939797e-01 9.570858283433133495e-01 9.524284763805721532e-01 9.556442670215125057e-01 9.862497227766688912e-01 9.702816589044134243e-01 9.737192282102461460e-01
9.270348192503881091e-01 9.646263029496562336e-01 9.545353736970503267e-01 9.981148813484143067e-01 9.990019960079840056e-01 9.937901973830117752e-01 9.830339321357285387e-01 9.916833000665336018e-01 9.698381015746285749e-01 9.746063428698159559e-01 9.612996229762696965e-01 9.557551563539588013e-01 9.893546240851630591e-01 9.525393657130184488e-01 9.608560656464848471e-01 9.568640496784209803e-01 9.588600576624528582e-01 9.879130627633622153e-01 9.736083388777999614e-01 9.771567975160789787e-01
9.332446218673763338e-01 9.671767575959192564e-01 9.593036149922377076e-01 9.981148813484143067e-01 9.990019960079840056e-01 9.946773120425814740e-01 9.853626081170990814e-01 9.923486360612109314e-01 9.732756708804612966e-01 9.759370148591705041e-01 9.640718562874251996e-01 9.590818363273453384e-01 9.905744067420714227e-01 9.556442670215125057e-01 9.634065202927478699e-01 9.608560656464848471e-01 9.636282989576402391e-01 9.893546240851630591e-01 9.758261255267243195e-01 9.795963628298958170e-01
9.379019738301175302e-01 9.690618762475049497e-01 9.636282989576402391e-01 9.984475493457529716e-01 9.990019960079840056e-01 9.953426480372588037e-01 9.864715014415613714e-01 9.933466400532269258e-01 9.749390108671546207e-01 9.781548015080949732e-01 9.678420935905965861e-01 9.624085163007318755e-01 9.907961854069639029e-01 9.571967176757596452e-01 9.671767575959192564e-01 9.649589709469948984e-01 9.675094255932579212e-01 9.910179640718562721e-01 9.787092481703260072e-01 9.812597028165890300e-01
9.415613218008427321e-01 9.726103348857839670e-01 9.675094255932579212e-01 9.985584386781991562e-01 9.990019960079840056e-01 9.960079840319361333e-01 9.883566200931470647e-01 9.940119760479041444e-01 9.771567975160789787e-01 9.800399201596806664e-01 9.693945442448436145e-01 9.650698602794410830e-01 9.911288534043024567e-01 9.603016189842537020e-01 9.708361055666444583e-01 9.681747615879352509e-01 9.710578842315369386e-01 9.920159680638722666e-01 9.808161454868041806e-01 9.836992681304058683e-01
9.452206697715679340e-01 9.747172322022621405e-01 9.708361055666444583e-01 9.988911066755378210e-01 9.991128853404303012e-01 9.961188733643823179e-01 9.891328454202705789e-01 9.940119760479041444e-01 9.793745841650033368e-01 9.813705921490352146e-01 9.715014415613217880e-01 9.676203149257041058e-01 9.917941893989797864e-01 9.627411842980705403e-01 9.719449988911066374e-01 9.712796628964294188e-01 9.731647815480151120e-01 9.931248613883344456e-01 9.825903748059436893e-01 9.846972721224218628e-01
9.488800177422931359e-01 9.764914615214016491e-01 9.734974495453537768e-01 9.988911066755378210e-01 9.991128853404303012e-01 9.965624306941671673e-01 9.902417387447327579e-01 9.943446440452428092e-01 9.817032601463738795e-01 9.829230428032823541e-01 9.730538922155688164e-01 9.698381015746285749e-01 9.925704147261033006e-01 9.657351962741184126e-01 9.744954535373696602e-01 9.728321135506764472e-01 9.751607895320469899e-01 9.939010867154579598e-01 9.840319361277445331e-01 9.859170547793302264e-01
9.523175870481259686e-01 9.784874695054335270e-01 9.747172322022621405e-01 9.990019960079840056e-01 9.992237746728764858e-01 9.968950986915058321e-01 9.910179640718562721e-01 9.948990907074739543e-01 9.831448214681747233e-01 9.838101574628520529e-01 9.751607895320469899e-01 9.721667775559991176e-01 9.933466400532269258e-01 9.678420935905965861e-01 9.768241295187403139e-01 9.751607895320469899e-01 9.773785761809713479e-01 9.945664227101352894e-01 9.858061654468840418e-01 9.869150587713462208e-01
9.554224883566201365e-01 9.798181414947881862e-01 9.772676868485251633e-01 9.991128853404303012e-01 9.992237746728764858e-01 9.973386560212907925e-01 9.919050787314260820e-01 9.953426480372588037e-01 9.842537147926369023e-01 9.860279441117764110e-01 9.771567975160789787e-01 9.744954535373696602e-01 9.936793080505655906e-01 9.695054335772899101e-01 9.787092481703260072e-01 9.769350188511864985e-01 9.787092481703260072e-01 9.955644267021512839e-01 9.872477267686848856e-01 9.878021734309159196e-01
9.588600576624528582e-01 9.808161454868041806e-01 9.791528055001108566e-01 9.992237746728764858e-01 9.992237746728764858e-01 9.977822133510756419e-01 9.926813040585495962e-01 9.958970946994899487e-01 9.849190507873142320e-01 9.872477267686848856e-01 9.788201375027721918e-01 9.766023508538478337e-01 9.942337547127966246e-01 9.718341095586604528e-01 9.811488134841428455e-01 9.791528055001108566e-01 9.803725881570193312e-01 9.964515413617209827e-01 9.880239520958083999e-01 9.893546240851630591e-01
9.624085163007318755e-01 9.821468174761588399e-01 9.808161454868041806e-01 9.992237746728764858e-01 9.992237746728764858e-01 9.980039920159680111e-01 9.933466400532269258e-01 9.961188733643823179e-01 9.863606121091150758e-01 9.884675094255932493e-01 9.795963628298958170e-01 9.781548015080949732e-01 9.945664227101352894e-01 9.738301175426924416e-01 9.831448214681747233e-01 9.803725881570193312e-01 9.811488134841428455e-01 9.970059880239521277e-01 9.889110667553780987e-01 9.903526280771789425e-01
9.654025282767797478e-01 9.834774894655133881e-01 9.817032601463738795e-01 9.993346640053226704e-01 9.993346640053226704e-01 9.984475493457529716e-01 9.940119760479041444e-01 9.961188733643823179e-01 9.879130627633622153e-01 9.892437347527167635e-01 9.814814814814815103e-01 9.799290308272343708e-01 9.951208693723663234e-01 9.749390108671546207e-01 9.842537147926369023e-01 9.821468174761588399e-01 9.825903748059436893e-01 9.971168773563983123e-01 9.897981814149479085e-01 9.913506320691949369e-01
9.675094255932579212e-01 9.841428254601907177e-01 9.825903748059436893e-01 9.993346640053226704e-01 9.995564426702151506e-01 9.986693280106453408e-01 9.957862053670436531e-01 9.963406520292747981e-01 9.889110667553780987e-01 9.903526280771789425e-01 9.831448214681747233e-01 9.814814814814815103e-01 9.953426480372588037e-01 9.767132401862941293e-01 9.860279441117764110e-01 9.834774894655133881e-01 9.838101574628520529e-01 9.975604346861831617e-01 9.906852960745176073e-01 9.920159680638722666e-01
9.705034375693057935e-01 9.854734974495453770e-01 9.841428254601907177e-01 9.994455533377688550e-01 9.995564426702151506e-01 9.987802173430916364e-01 9.962297626968286135e-01 9.967842093590596475e-01 9.897981814149479085e-01 9.910179640718562721e-01 9.839210467952982375e-01 9.831448214681747233e-01 9.955644267021512839e-01 9.776003548458638281e-01 9.864715014415613714e-01 9.844754934575293825e-01 9.848081614548680474e-01 9.976713240186294573e-01 9.909070747394100875e-01 9.923486360612109314e-01
9.734974495453537768e-01 9.856952761144377462e-01 9.851408294522067122e-01 9.995564426702151506e-01 9.995564426702151506e-01 9.988911066755378210e-01 9.965624306941671673e-01 9.967842093590596475e-01 9.901308494122865733e-01 9.916833000665336018e-01 9.853626081170990814e-01 9.844754934575293825e-01 9.960079840319361333e-01 9.794854734974495214e-01 9.882457307607007690e-01 9.859170547793302264e-01 9.856952761144377462e-01 9.981148813484143067e-01 9.920159680638722666e-01 9.931248613883344456e-01
9.756043468618318393e-01 9.864715014415613714e-01 9.868041694388999252e-01 9.995564426702151506e-01 9.996673320026613352e-01 9.991128853404303012e-01 9.970059880239521277e-01 9.968950986915058321e-01 9.910179640718562721e-01 9.920159680638722666e-01 9.861388334442227066e-01 9.856952761144377462e-01 9.962297626968286135e-01 9.811488134841428455e-01 9.888001774229319141e-01 9.861388334442227066e-01 9.865823907740075560e-01 9.985584386781991562e-01 9.929030827234419654e-01 9.931248613883344456e-01
9.772676868485251633e-01 9.871368374362385900e-01 9.886892880904857295e-01 9.995564426702151506e-01 9.996673320026613352e-01 9.993346640053226704e-01 9.974495453537369771e-01 9.975604346861831617e-01 9.915724107340874172e-01 9.925704147261033006e-01 9.882457307607007690e-01 9.871368374362385900e-01 9.967842093590596475e-01 9.819250388112663597e-01 9.892437347527167635e-01 9.878021734309159196e-01 9.875803947660235504e-01 9.987802173430916364e-01 9.934575293856731104e-01 9.935684187181192950e-01
9.798181414947881862e-01 9.881348414282545845e-01 9.894655134176092437e-01 9.995564426702151506e-01 9.996673320026613352e-01 9.993346640053226704e-01 9.977822133510756419e-01 9.981148813484143067e-01 9.919050787314260820e-01 9.930139720558882610e-01 9.893546240851630591e-01 9.886892880904857295e-01 9.972277666888444969e-01 9.821468174761588399e-01 9.894655134176092437e-01 9.896872920825016129e-01 9.886892880904857295e-01 9.987802173430916364e-01 9.942337547127966246e-01 9.944555333776891048e-01
9.819250388112663597e-01 9.891328454202705789e-01 9.899090707473940931e-01 9.995564426702151506e-01 9.996673320026613352e-01 9.994455533377688550e-01 9.978931026835218265e-01 9.981148813484143067e-01 9.924595253936571160e-01 9.932357507207806302e-01 9.901308494122865733e-01 9.892437347527167635e-01 9.974495453537369771e-01 9.825903748059436893e-01 9.903526280771789425e-01 9.903526280771789425e-01 9.891328454202705789e-01 9.991128853404303012e-01 9.945664227101352894e-01 9.952317587048126191e-01
9.841428254601907177e-01 9.892437347527167635e-01 9.912397427367487523e-01 9.997782213351075198e-01 9.996673320026613352e-01 9.995564426702151506e-01 9.982257706808604913e-01 9.982257706808604913e-01 9.934575293856731104e-01 9.936793080505655906e-01 9.907961854069639029e-01 9.897981814149479085e-01 9.975604346861831617e-01 9.832557108006210189e-01 9.907961854069639029e-01 9.916833000665336018e-01 9.900199600798402777e-01 9.991128853404303012e-01 9.948990907074739543e-01 9.955644267021512839e-01
9.854734974495453770e-01 9.900199600798402777e-01 9.920159680638722666e-01 9.997782213351075198e-01 9.996673320026613352e-01 9.995564426702151506e-01 9.983366600133066759e-01 9.982257706808604913e-01 9.936793080505655906e-01 9.942337547127966246e-01 9.912397427367487523e-01 9.902417387447327579e-01 9.978931026835218265e-01 9.839210467952982375e-01 9.911288534043024567e-01 9.925704147261033006e-01 9.913506320691949369e-01 9.993346640053226704e-01 9.954535373697049883e-01 9.956753160345974685e-01
9.868041694388999252e-01 9.905744067420714227e-01 9.932357507207806302e-01 9.997782213351075198e-01 9.997782213351075198e-01 9.995564426702151506e-01 9.984475493457529716e-01 9.985584386781991562e-01 9.941228653803504400e-01 9.946773120425814740e-01 9.919050787314260820e-01 9.910179640718562721e-01 9.980039920159680111e-01 9.845863827899755671e-01 9.922377467287647468e-01 9.935684187181192950e-01 9.920159680638722666e-01 9.994455533377688550e-01 9.957862053670436531e-01 9.961188733643823179e-01
9.883566200931470647e-01 9.913506320691949369e-01 9.943446440452428092e-01 9.997782213351075198e-01 9.997782213351075198e-01 9.996673320026613352e-01 9.987802173430916364e-01 9.986693280106453408e-01 9.943446440452428092e-01 9.952317587048126191e-01 9.925704147261033006e-01 9.914615214016411215e-01 9.980039920159680111e-01 9.854734974495453770e-01 9.924595253936571160e-01 9.942337547127966246e-01 9.927921933909957808e-01 9.994455533377688550e-01 9.962297626968286135e-01 9.963406520292747981e-01
9.892437347527167635e-01 9.916833000665336018e-01 9.952317587048126191e-01 9.997782213351075198e-01 9.997782213351075198e-01 9.996673320026613352e-01 9.990019960079840056e-01 9.987802173430916364e-01 9.950099800399201389e-01 9.956753160345974685e-01 9.930139720558882610e-01 9.917941893989797864e-01 9.982257706808604913e-01 9.863606121091150758e-01 9.931248613883344456e-01 9.945664227101352894e-01 9.932357507207806302e-01 9.994455533377688550e-01 9.962297626968286135e-01 9.972277666888444969e-01
9.910179640718562721e-01 9.923486360612109314e-01 9.954535373697049883e-01 9.997782213351075198e-01 9.997782213351075198e-01 9.996673320026613352e-01 9.991128853404303012e-01 9.988911066755378210e-01 9.953426480372588037e-01 9.956753160345974685e-01 9.936793080505655906e-01 9.926813040585495962e-01 9.984475493457529716e-01 9.876912840984697350e-01 9.935684187181192950e-01 9.954535373697049883e-01 9.941228653803504400e-01 9.994455533377688550e-01 9.965624306941671673e-01 9.975604346861831617e-01
9.916833000665336018e-01 9.927921933909957808e-01 9.960079840319361333e-01 9.997782213351075198e-01 9.997782213351075198e-01 9.997782213351075198e-01 9.992237746728764858e-01 9.990019960079840056e-01 9.954535373697049883e-01 9.961188733643823179e-01 9.939010867154579598e-01 9.933466400532269258e-01 9.985584386781991562e-01 9.890219560878243943e-01 9.939010867154579598e-01 9.957862053670436531e-01 9.944555333776891048e-01 9.995564426702151506e-01 9.970059880239521277e-01 9.976713240186294573e-01
9.919050787314260820e-01 9.935684187181192950e-01 9.962297626968286135e-01 9.998891106675538154e-01 9.997782213351075198e-01 9.997782213351075198e-01 9.992237746728764858e-01 9.991128853404303012e-01 9.958970946994899487e-01 9.964515413617209827e-01 9.942337547127966246e-01 9.935684187181192950e-01 9.987802173430916364e-01 9.897981814149479085e-01 9.948990907074739543e-01 9.963406520292747981e-01 9.955644267021512839e-01 9.995564426702151506e-01 9.974495453537369771e-01 9.978931026835218265e-01
9.924595253936571160e-01 9.943446440452428092e-01 9.971168773563983123e-01 9.998891106675538154e-01 9.997782213351075198e-01 9.997782213351075198e-01 9.992237746728764858e-01 9.992237746728764858e-01 9.963406520292747981e-01 9.966733200266134629e-01 9.952317587048126191e-01 9.941228653803504400e-01 9.987802173430916364e-01 9.910179640718562721e-01 9.956753160345974685e-01 9.967842093590596475e-01 9.960079840319361333e-01 9.995564426702151506e-01 9.978931026835218265e-01 9.982257706808604913e-01
9.933466400532269258e-01 9.950099800399201389e-01 9.972277666888444969e-01 9.998891106675538154e-01 9.997782213351075198e-01 9.998891106675538154e-01 9.994455533377688550e-01 9.992237746728764858e-01 9.965624306941671673e-01 9.972277666888444969e-01 9.957862053670436531e-01 9.944555333776891048e-01 9.988911066755378210e-01 9.917941893989797864e-01 9.960079840319361333e-01 9.971168773563983123e-01 9.964515413617209827e-01 9.996673320026613352e-01 9.980039920159680111e-01 9.984475493457529716e-01
9.941228653803504400e-01 9.957862053670436531e-01 9.974495453537369771e-01 9.998891106675538154e-01 9.997782213351075198e-01 9.998891106675538154e-01 9.994455533377688550e-01 9.994455533377688550e-01 9.970059880239521277e-01 9.974495453537369771e-01 9.964515413617209827e-01 9.950099800399201389e-01 9.990019960079840056e-01 9.921268573963184512e-01 9.961188733643823179e-01 9.973386560212907925e-01 9.971168773563983123e-01 9.996673320026613352e-01 9.982257706808604913e-01 9.986693280106453408e-01
9.943446440452428092e-01 9.960079840319361333e-01 9.975604346861831617e-01 9.998891106675538154e-01 9.997782213351075198e-01 1.000000000000000000e+00 9.995564426702151506e-01 9.994455533377688550e-01 9.974495453537369771e-01 9.975604346861831617e-01 9.968950986915058321e-01 9.953426480372588037e-01 9.991128853404303012e-01 9.931248613883344456e-01 9.964515413617209827e-01 9.978931026835218265e-01 9.974495453537369771e-01 9.996673320026613352e-01 9.985584386781991562e-01 9.988911066755378210e-01
9.953426480372588037e-01 9.963406520292747981e-01 9.978931026835218265e-01 9.998891106675538154e-01 9.998891106675538154e-01 1.000000000000000000e+00 9.995564426702151506e-01 9.995564426702151506e-01 9.978931026835218265e-01 9.981148813484143067e-01 9.972277666888444969e-01 9.955644267021512839e-01 9.992237746728764858e-01 9.934575293856731104e-01 9.966733200266134629e-01 9.983366600133066759e-01 9.976713240186294573e-01 9.996673320026613352e-01 9.986693280106453408e-01 9.988911066755378210e-01
9.963406520292747981e-01 9.966733200266134629e-01 9.978931026835218265e-01 1.000000000000000000e+00 9.998891106675538154e-01 1.000000000000000000e+00 9.995564426702151506e-01 9.996673320026613352e-01 9.981148813484143067e-01 9.983366600133066759e-01 9.974495453537369771e-01 9.958970946994899487e-01 9.992237746728764858e-01 9.935684187181192950e-01 9.968950986915058321e-01 9.983366600133066759e-01 9.980039920159680111e-01 9.997782213351075198e-01 9.988911066755378210e-01 9.988911066755378210e-01
9.971168773563983123e-01 9.971168773563983123e-01 9.982257706808604913e-01 1.000000000000000000e+00 9.998891106675538154e-01 1.000000000000000000e+00 9.996673320026613352e-01 9.996673320026613352e-01 9.986693280106453408e-01 9.986693280106453408e-01 9.975604346861831617e-01 9.961188733643823179e-01 9.993346640053226704e-01 9.940119760479041444e-01 9.970059880239521277e-01 9.984475493457529716e-01 9.980039920159680111e-01 9.997782213351075198e-01 9.988911066755378210e-01 9.990019960079840056e-01
9.974495453537369771e-01 9.972277666888444969e-01 9.983366600133066759e-01 1.000000000000000000e+00 9.998891106675538154e-01 1.000000000000000000e+00 9.996673320026613352e-01 9.997782213351075198e-01 9.988911066755378210e-01 9.987802173430916364e-01 9.978931026835218265e-01 9.964515413617209827e-01 9.993346640053226704e-01 9.944555333776891048e-01 9.975604346861831617e-01 9.985584386781991562e-01 9.982257706808604913e-01 9.997782213351075198e-01 9.990019960079840056e-01 9.990019960079840056e-01
9.980039920159680111e-01 9.975604346861831617e-01 9.985584386781991562e-01 1.000000000000000000e+00 1.000000000000000000e+00 1.000000000000000000e+00 9.996673320026613352e-01 9.997782213351075198e-01 9.990019960079840056e-01 9.988911066755378210e-01 9.980039920159680111e-01 9.967842093590596475e-01 9.994455533377688550e-01 9.948990907074739543e-01 9.976713240186294573e-01 9.985584386781991562e-01 9.984475493457529716e-01 9.997782213351075198e-01 9.991128853404303012e-01 9.990019960079840056e-01
9.981148813484143067e-01 9.977822133510756419e-01 9.987802173430916364e-01 1.000000000000000000e+00 1.000000000000000000e+00 1.000000000000000000e+00 9.996673320026613352e-01 9.997782213351075198e-01 9.991128853404303012e-01 9.992237746728764858e-01 9.981148813484143067e-01 9.974495453537369771e-01 9.995564426702151506e-01 9.950099800399201389e-01 9.977822133510756419e-01 9.987802173430916364e-01 9.985584386781991562e-01 9.997782213351075198e-01 9.991128853404303012e-01 9.990019960079840056e-01
9.983366600133066759e-01 9.978931026835218265e-01 9.987802173430916364e-01 1.000000000000000000e+00 1.000000000000000000e+00 1.000000000000000000e+00 9.996673320026613352e-01 9.997782213351075198e-01 9.992237746728764858e-01 9.993346640053226704e-01 9.982257706808604913e-01 9.976713240186294573e-01 9.995564426702151506e-01 9.951208693723663234e-01 9.980039920159680111e-01 9.987802173430916364e-01 9.986693280106453408e-01 9.997782213351075198e-01 9.992237746728764858e-01 9.991128853404303012e-01
9.986693280106453408e-01 9.981148813484143067e-01 9.991128853404303012e-01 1.000000000000000000e+00 1.000000000000000000e+00 1.000000000000000000e+00 9.997782213351075198e-01 9.997782213351075198e-01 9.993346640053226704e-01 9.995564426702151506e-01 9.982257706808604913e-01 9.977822133510756419e-01 9.996673320026613352e-01 9.954535373697049883e-01 9.981148813484143067e-01 9.987802173430916364e-01 9.987802173430916364e-01 9.997782213351075198e-01 9.993346640053226704e-01 9.991128853404303012e-01
9.990019960079840056e-01 9.983366600133066759e-01 9.994455533377688550e-01 1.000000000000000000e+00 1.000000000000000000e+00 1.000000000000000000e+00 9.997782213351075198e-01 9.997782213351075198e-01 9.995564426702151506e-01 9.995564426702151506e-01 9.983366600133066759e-01 9.982257706808604913e-01 9.996673320026613352e-01 9.958970946994899487e-01 9.985584386781991562e-01 9.990019960079840056e-01 9.987802173430916364e-01 9.997782213351075198e-01 9.994455533377688550e-01 9.991128853404303012e-01
9.992237746728764858e-01 9.985584386781991562e-01 9.995564426702151506e-01 1.000000000000000000e+00 1.000000000000000000e+00 1.000000000000000000e+00 9.997782213351075198e-01 9.997782213351075198e-01 9.995564426702151506e-01 9.996673320026613352e-01 9.983366600133066759e-01 9.982257706808604913e-01 9.996673320026613352e-01 9.960079840319361333e-01 9.986693280106453408e-01 9.991128853404303012e-01 9.990019960079840056e-01 9.997782213351075198e-01 9.994455533377688550e-01 9.992237746728764858e-01
9.992237746728764858e-01 9.986693280106453408e-01 9.996673320026613352e-01 1.000000000000000000e+00 1.000000000000000000e+00 1.000000000000000000e+00 9.998891106675538154e-01 9.998891106675538154e-01 9.995564426702151506e-01 9.997782213351075198e-01 9.985584386781991562e-01 9.983366600133066759e-01 9.996673320026613352e-01 9.962297626968286135e-01 9.987802173430916364e-01 9.992237746728764858e-01 9.992237746728764858e-01 9.997782213351075198e-01 9.994455533377688550e-01 9.993346640053226704e-01
9.992237746728764858e-01 9.987802173430916364e-01 9.997782213351075198e-01 1.000000000000000000e+00 1.000000000000000000e+00 1.000000000000000000e+00 9.998891106675538154e-01 9.998891106675538154e-01 9.996673320026613352e-01 9.997782213351075198e-01 9.986693280106453408e-01 9.985584386781991562e-01 9.996673320026613352e-01 9.963406520292747981e-01 9.990019960079840056e-01 9.992237746728764858e-01 9.994455533377688550e-01 9.997782213351075198e-01 9.995564426702151506e-01 9.994455533377688550e-01
9.992237746728764858e-01 9.988911066755378210e-01 9.997782213351075198e-01 1.000000000000000000e+00 1.000000000000000000e+00 1.000000000000000000e+00 9.998891106675538154e-01 9.998891106675538154e-01 9.996673320026613352e-01 9.997782213351075198e-01 9.987802173430916364e-01 9.987802173430916364e-01 9.997782213351075198e-01 9.964515413617209827e-01 9.992237746728764858e-01 9.992237746728764858e-01 9.995564426702151506e-01 9.997782213351075198e-01 9.996673320026613352e-01 9.995564426702151506e-01
9.994455533377688550e-01 9.988911066755378210e-01 9.997782213351075198e-01 1.000000000000000000e+00 1.000000000000000000e+00 1.000000000000000000e+00 9.998891106675538154e-01 9.998891106675538154e-01 9.996673320026613352e-01 9.998891106675538154e-01 9.990019960079840056e-01 9.988911066755378210e-01 9.997782213351075198e-01 9.965624306941671673e-01 9.992237746728764858e-01 9.993346640053226704e-01 9.996673320026613352e-01 9.997782213351075198e-01 9.996673320026613352e-01 9.996673320026613352e-01
9.998891106675538154e-01 9.990019960079840056e-01 9.998891106675538154e-01 1.000000000000000000e+00 1.000000000000000000e+00 1.000000000000000000e+00 9.998891106675538154e-01 9.998891106675538154e-01 9.997782213351075198e-01 9.998891106675538154e-01 9.991128853404303012e-01 9.990019960079840056e-01 9.998891106675538154e-01 9.967842093590596475e-01 9.993346640053226704e-01 9.995564426702151506e-01 9.997782213351075198e-01 9.997782213351075198e-01 9.996673320026613352e-01 9.996673320026613352e-01
1.000000000000000000e+00 9.992237746728764858e-01 9.998891106675538154e-01 1.000000000000000000e+00 1.000000000000000000e+00 1.000000000000000000e+00 9.998891106675538154e-01 9.998891106675538154e-01 9.997782213351075198e-01 9.998891106675538154e-01 9.992237746728764858e-01 9.991128853404303012e-01 9.998891106675538154e-01 9.967842093590596475e-01 9.995564426702151506e-01 9.995564426702151506e-01 9.997782213351075198e-01 9.997782213351075198e-01 9.997782213351075198e-01 9.996673320026613352e-01
1.000000000000000000e+00 9.992237746728764858e-01 1.000000000000000000e+00 1.000000000000000000e+00 1.000000000000000000e+00 1.000000000000000000e+00 9.998891106675538154e-01 9.998891106675538154e-01 9.997782213351075198e-01 9.998891106675538154e-01 9.995564426702151506e-01 9.991128853404303012e-01 9.998891106675538154e-01 9.967842093590596475e-01 9.998891106675538154e-01 9.995564426702151506e-01 9.997782213351075198e-01 9.997782213351075198e-01 9.997782213351075198e-01 9.997782213351075198e-01
1.000000000000000000e+00 9.993346640053226704e-01 1.000000000000000000e+00 1.000000000000000000e+00 1.000000000000000000e+00 1.000000000000000000e+00 9.998891106675538154e-01 9.998891106675538154e-01 9.998891106675538154e-01 1.000000000000000000e+00 9.995564426702151506e-01 9.992237746728764858e-01 9.998891106675538154e-01 9.967842093590596475e-01 1.000000000000000000e+00 9.997782213351075198e-01 9.997782213351075198e-01 9.997782213351075198e-01 9.998891106675538154e-01 9.997782213351075198e-01
1.000000000000000000e+00 9.995564426702151506e-01 1.000000000000000000e+00 1.000000000000000000e+00 1.000000000000000000e+00 1.000000000000000000e+00 1.000000000000000000e+00 9.998891106675538154e-01 9.998891106675538154e-01 1.000000000000000000e+00 9.996673320026613352e-01 9.992237746728764858e-01 9.998891106675538154e-01 9.967842093590596475e-01 1.000000000000000000e+00 9.997782213351075198e-01 9.997782213351075198e-01 9.997782213351075198e-01 9.998891106675538154e-01 9.998891106675538154e-01
1.000000000000000000e+00 9.996673320026613352e-01 1.000000000000000000e+00 1.000000000000000000e+00 1.000000000000000000e+00 1.000000000000000000e+00 1.000000000000000000e+00 9.998891106675538154e-01 9.998891106675538154e-01 1.000000000000000000e+00 9.997782213351075198e-01 9.992237746728764858e-01 9.998891106675538154e-01 9.971168773563983123e-01 1.000000000000000000e+00 9.997782213351075198e-01 9.997782213351075198e-01 9.997782213351075198e-01 9.998891106675538154e-01 9.998891106675538154e-01
1.000000000000000000e+00 9.997782213351075198e-01 1.000000000000000000e+00 1.000000000000000000e+00 1.000000000000000000e+00 1.000000000000000000e+00 1.000000000000000000e+00 9.998891106675538154e-01 9.998891106675538154e-01 1.000000000000000000e+00 9.998891106675538154e-01 9.993346640053226704e-01 9.998891106675538154e-01 9.971168773563983123e-01 1.000000000000000000e+00 9.998891106675538154e-01 9.997782213351075198e-01 9.997782213351075198e-01 9.998891106675538154e-01 9.998891106675538154e-01
1.000000000000000000e+00 9.997782213351075198e-01 1.000000000000000000e+00 1.000000000000000000e+00 1.000000000000000000e+00 1.000000000000000000e+00 1.000000000000000000e+00 9.998891106675538154e-01 1.000000000000000000e+00 1.000000000000000000e+00 9.998891106675538154e-01 9.993346640053226704e-01 9.998891106675538154e-01 9.972277666888444969e-01 1.000000000000000000e+00 9.998891106675538154e-01 9.997782213351075198e-01 9.997782213351075198e-01 9.998891106675538154e-01 9.998891106675538154e-01
1.000000000000000000e+00 9.997782213351075198e-01 1.000000000000000000e+00 1.000000000000000000e+00 1.000000000000000000e+00 1.000000000000000000e+00 1.000000000000000000e+00 9.998891106675538154e-01 1.000000000000000000e+00 1.000000000000000000e+00 9.998891106675538154e-01 9.993346640053226704e-01 9.998891106675538154e-01 9.974495453537369771e-01 1.000000000000000000e+00 9.998891106675538154e-01 9.997782213351075198e-01 9.998891106675538154e-01 1.000000000000000000e+00 9.998891106675538154e-01
1.000000000000000000e+00 9.997782213351075198e-01 1.000000000000000000e+00 1.000000000000000000e+00 1.000000000000000000e+00 1.000000000000000000e+00 1.000000000000000000e+00 1.000000000000000000e+00 1.000000000000000000e+00 1.000000000000000000e+00 1.000000000000000000e+00 9.994455533377688550e-01 9.998891106675538154e-01 9.976713240186294573e-01 1.000000000000000000e+00 1.000000000000000000e+00 9.997782213351075198e-01 9.998891106675538154e-01 1.000000000000000000e+00 9.998891106675538154e-01
1.000000000000000000e+00 9.997782213351075198e-01 1.000000000000000000e+00 1.000000000000000000e+00 1.000000000000000000e+00 1.000000000000000000e+00 1.000000000000000000e+00 1.000000000000000000e+00 1.000000000000000000e+00 1.000000000000000000e+00 1.000000000000000000e+00 9.994455533377688550e-01 9.998891106675538154e-01 9.978931026835218265e-01 1.000000000000000000e+00 1.000000000000000000e+00 9.998891106675538154e-01 1.000000000000000000e+00 1.000000000000000000e+00 9.998891106675538154e-01
1.000000000000000000e+00 9.997782213351075198e-01 1.000000000000000000e+00 1.000000000000000000e+00 1.000000000000000000e+00 1.000000000000000000e+00 1.000000000000000000e+00 1.000000000000000000e+00 1.000000000000000000e+00 1.000000000000000000e+00 1.000000000000000000e+00 9.994455533377688550e-01 9.998891106675538154e-01 9.980039920159680111e-01 1.000000000000000000e+00 1.000000000000000000e+00 9.998891106675538154e-01 1.000000000000000000e+00 1.000000000000000000e+00 9.998891106675538154e-01
1.000000000000000000e+00 9.997782213351075198e-01 1.000000000000000000e+00 1.000000000000000000e+00 1.000000000000000000e+00 1.000000000000000000e+00 1.000000000000000000e+00 1.000000000000000000e+00 1.000000000000000000e+00 1.000000000000000000e+00 1.000000000000000000e+00 9.995564426702151506e-01 9.998891106675538154e-01 9.981148813484143067e-01 1.000000000000000000e+00 1.000000000000000000e+00 9.998891106675538154e-01 1.000000000000000000e+00 1.000000000000000000e+00 9.998891106675538154e-01
1.000000000000000000e+00 9.998891106675538154e-01 1.000000000000000000e+00 1.000000000000000000e+00 1.000000000000000000e+00 1.000000000000000000e+00 1.000000000000000000e+00 1.000000000000000000e+00 1.000000000000000000e+00 1.000000000000000000e+00 1.000000000000000000e+00 9.995564426702151506e-01 9.998891106675538154e-01 9.983366600133066759e-01 1.000000000000000000e+00 1.000000000000000000e+00 9.998891106675538154e-01 1.000000000000000000e+00 1.000000000000000000e+00 9.998891106675538154e-01
1.000000000000000000e+00 9.998891106675538154e-01 1.000000000000000000e+00 1.000000000000000000e+00 1.000000000000000000e+00 1.000000000000000000e+00 1.000000000000000000e+00 1.000000000000000000e+00 1.000000000000000000e+00 1.000000000000000000e+00 1.000000000000000000e+00 9.995564426702151506e-01 9.998891106675538154e-01 9.987802173430916364e-01 1.000000000000000000e+00 1.000000000000000000e+00 9.998891106675538154e-01 1.000000000000000000e+00 1.000000000000000000e+00 1.000000000000000000e+00
1.000000000000000000e+00 9.998891106675538154e-01 1.000000000000000000e+00 1.000000000000000000e+00 1.000000000000000000e+00 1.000000000000000000e+00 1.000000000000000000e+00 1.000000000000000000e+00 1.000000000000000000e+00 1.000000000000000000e+00 1.000000000000000000e+00 9.996673320026613352e-01 9.998891106675538154e-01 9.988911066755378210e-01 1.000000000000000000e+00 1.000000000000000000e+00 1.000000000000000000e+00 1.000000000000000000e+00 1.000000000000000000e+00 1.000000000000000000e+00
1.000000000000000000e+00 9.998891106675538154e-01 1.000000000000000000e+00 1.000000000000000000e+00 1.000000000000000000e+00 1.000000000000000000e+00 1.000000000000000000e+00 1.000000000000000000e+00 1.000000000000000000e+00 1.000000000000000000e+00 1.000000000000000000e+00 9.997782213351075198e-01 9.998891106675538154e-01 9.990019960079840056e-01 1.000000000000000000e+00 1.000000000000000000e+00 1.000000000000000000e+00 1.000000000000000000e+00 1.000000000000000000e+00 1.000000000000000000e+00
1.000000000000000000e+00 1.000000000000000000e+00 1.000000000000000000e+00 1.000000000000000000e+00 1.000000000000000000e+00 1.000000000000000000e+00 1.000000000000000000e+00 1.000000000000000000e+00 1.000000000000000000e+00 1.000000000000000000e+00 1.000000000000000000e+00 9.998891106675538154e-01 9.998891106675538154e-01 9.991128853404303012e-01 1.000000000000000000e+00 1.000000000000000000e+00 1.000000000000000000e+00 1.000000000000000000e+00 1.000000000000000000e+00 1.000000000000000000e+00
1.000000000000000000e+00 1.000000000000000000e+00 1.000000000000000000e+00 1.000000000000000000e+00 1.000000000000000000e+00 1.000000000000000000e+00 1.000000000000000000e+00 1.000000000000000000e+00 1.000000000000000000e+00 1.000000000000000000e+00 1.000000000000000000e+00 1.000000000000000000e+00 9.998891106675538154e-01 9.991128853404303012e-01 1.000000000000000000e+00 1.000000000000000000e+00 1.000000000000000000e+00 1.000000000000000000e+00 1.000000000000000000e+00 1.000000000000000000e+00
1.000000000000000000e+00 1.000000000000000000e+00 1.000000000000000000e+00 1.000000000000000000e+00 1.000000000000000000e+00 1.000000000000000000e+00 1.000000000000000000e+00 1.000000000000000000e+00 1.000000000000000000e+00 1.000000000000000000e+00 1.000000000000000000e+00 1.000000000000000000e+00 9.998891106675538154e-01 9.993346640053226704e-01 1.000000000000000000e+00 1.000000000000000000e+00 1.000000000000000000e+00 1.000000000000000000e+00 1.000000000000000000e+00 1.000000000000000000e+00
1.000000000000000000e+00 1.000000000000000000e+00 1.000000000000000000e+00 1.000000000000000000e+00 1.000000000000000000e+00 1.000000000000000000e+00 1.000000000000000000e+00 1.000000000000000000e+00 1.000000000000000000e+00 1.000000000000000000e+00 1.000000000000000000e+00 1.000000000000000000e+00 9.998891106675538154e-01 9.996673320026613352e-01 1.000000000000000000e+00 1.000000000000000000e+00 1.000000000000000000e+00 1.000000000000000000e+00 1.000000000000000000e+00 1.000000000000000000e+00
1.000000000000000000e+00 1.000000000000000000e+00 1.000000000000000000e+00 1.000000000000000000e+00 1.000000000000000000e+00 1.000000000000000000e+00 1.000000000000000000e+00 1.000000000000000000e+00 1.000000000000000000e+00 1.000000000000000000e+00 1.000000000000000000e+00 1.000000000000000000e+00 9.998891106675538154e-01 9.996673320026613352e-01 1.000000000000000000e+00 1.000000000000000000e+00 1.000000000000000000e+00 1.000000000000000000e+00 1.000000000000000000e+00 1.000000000000000000e+00
1.000000000000000000e+00 1.000000000000000000e+00 1.000000000000000000e+00 1.000000000000000000e+00 1.000000000000000000e+00 1.000000000000000000e+00 1.000000000000000000e+00 1.000000000000000000e+00 1.000000000000000000e+00 1.000000000000000000e+00 1.000000000000000000e+00 1.000000000000000000e+00 9.998891106675538154e-01 9.996673320026613352e-01 1.000000000000000000e+00 1.000000000000000000e+00 1.000000000000000000e+00 1.000000000000000000e+00 1.000000000000000000e+00 1.000000000000000000e+00
1.000000000000000000e+00 1.000000000000000000e+00 1.000000000000000000e+00 1.000000000000000000e+00 1.000000000000000000e+00 1.000000000000000000e+00 1.000000000000000000e+00 1.000000000000000000e+00 1.000000000000000000e+00 1.000000000000000000e+00 1.000000000000000000e+00 1.000000000000000000e+00 9.998891106675538154e-01 9.996673320026613352e-01 1.000000000000000000e+00 1.000000000000000000e+00 1.000000000000000000e+00 1.000000000000000000e+00 1.000000000000000000e+00 1.000000000000000000e+00
1.000000000000000000e+00 1.000000000000000000e+00 1.000000000000000000e+00 1.000000000000000000e+00 1.000000000000000000e+00 1.000000000000000000e+00 1.000000000000000000e+00 1.000000000000000000e+00 1.000000000000000000e+00 1.000000000000000000e+00 1.000000000000000000e+00 1.000000000000000000e+00 9.998891106675538154e-01 9.997782213351075198e-01 1.000000000000000000e+00 1.000000000000000000e+00 1.000000000000000000e+00 1.000000000000000000e+00 1.000000000000000000e+00 1.000000000000000000e+00
1.000000000000000000e+00 1.000000000000000000e+00 1.000000000000000000e+00 1.000000000000000000e+00 1.000000000000000000e+00 1.000000000000000000e+00 1.000000000000000000e+00 1.000000000000000000e+00 1.000000000000000000e+00 1.000000000000000000e+00 1.000000000000000000e+00 1.000000000000000000e+00 9.998891106675538154e-01 9.998891106675538154e-01 1.000000000000000000e+00 1.000000000000000000e+00 1.000000000000000000e+00 1.000000000000000000e+00 1.000000000000000000e+00 1.000000000000000000e+00
1.000000000000000000e+00 1.000000000000000000e+00 1.000000000000000000e+00 1.000000000000000000e+00 1.000000000000000000e+00 1.000000000000000000e+00 1.000000000000000000e+00 1.000000000000000000e+00 1.000000000000000000e+00 1.000000000000000000e+00 1.000000000000000000e+00 1.000000000000000000e+00 9.998891106675538154e-01 9.998891106675538154e-01 1.000000000000000000e+00 1.000000000000000000e+00 1.000000000000000000e+00 1.000000000000000000e+00 1.000000000000000000e+00 1.000000000000000000e+00
1.000000000000000000e+00 1.000000000000000000e+00 1.000000000000000000e+00 1.000000000000000000e+00 1.000000000000000000e+00 1.000000000000000000e+00 1.000000000000000000e+00 1.000000000000000000e+00 1.000000000000000000e+00 1.000000000000000000e+00 1.000000000000000000e+00 1.000000000000000000e+00 9.998891106675538154e-01 9.998891106675538154e-01 1.000000000000000000e+00 1.000000000000000000e+00 1.000000000000000000e+00 1.000000000000000000e+00 1.000000000000000000e+00 1.000000000000000000e+00
1.000000000000000000e+00 1.000000000000000000e+00 1.000000000000000000e+00 1.000000000000000000e+00 1.000000000000000000e+00 1.000000000000000000e+00 1.000000000000000000e+00 1.000000000000000000e+00 1.000000000000000000e+00 1.000000000000000000e+00 1.000000000000000000e+00 1.000000000000000000e+00 9.998891106675538154e-01 9.998891106675538154e-01 1.000000000000000000e+00 1.000000000000000000e+00 1.000000000000000000e+00 1.000000000000000000e+00 1.000000000000000000e+00 1.000000000000000000e+00
1.000000000000000000e+00 1.000000000000000000e+00 1.000000000000000000e+00 1.000000000000000000e+00 1.000000000000000000e+00 1.000000000000000000e+00 1.000000000000000000e+00 1.000000000000000000e+00 1.000000000000000000e+00 1.000000000000000000e+00 1.000000000000000000e+00 1.000000000000000000e+00 9.998891106675538154e-01 1.000000000000000000e+00 1.000000000000000000e+00 1.000000000000000000e+00 1.000000000000000000e+00 1.000000000000000000e+00 1.000000000000000000e+00 1.000000000000000000e+00
1.000000000000000000e+00 1.000000000000000000e+00 1.000000000000000000e+00 1.000000000000000000e+00 1.000000000000000000e+00 1.000000000000000000e+00 1.000000000000000000e+00 1.000000000000000000e+00 1.000000000000000000e+00 1.000000000000000000e+00 1.000000000000000000e+00 1.000000000000000000e+00 9.998891106675538154e-01 1.000000000000000000e+00 1.000000000000000000e+00 1.000000000000000000e+00 1.000000000000000000e+00 1.000000000000000000e+00 1.000000000000000000e+00 1.000000000000000000e+00
1.000000000000000000e+00 1.000000000000000000e+00 1.000000000000000000e+00 1.000000000000000000e+00 1.000000000000000000e+00 1.000000000000000000e+00 1.000000000000000000e+00 1.000000000000000000e+00 1.000000000000000000e+00 1.000000000000000000e+00 1.000000000000000000e+00 1.000000000000000000e+00 9.998891106675538154e-01 1.000000000000000000e+00 1.000000000000000000e+00 1.000000000000000000e+00 1.000000000000000000e+00 1.000000000000000000e+00 1.000000000000000000e+00 1.000000000000000000e+00
1.000000000000000000e+00 1.000000000000000000e+00 1.000000000000000000e+00 1.000000000000000000e+00 1.000000000000000000e+00 1.000000000000000000e+00 1.000000000000000000e+00 1.000000000000000000e+00 1.000000000000000000e+00 1.000000000000000000e+00 1.000000000000000000e+00 1.000000000000000000e+00 9.998891106675538154e-01 1.000000000000000000e+00 1.000000000000000000e+00 1.000000000000000000e+00 1.000000000000000000e+00 1.000000000000000000e+00 1.000000000000000000e+00 1.000000000000000000e+00
1.000000000000000000e+00 1.000000000000000000e+00 1.000000000000000000e+00 1.000000000000000000e+00 1.000000000000000000e+00 1.000000000000000000e+00 1.000000000000000000e+00 1.000000000000000000e+00 1.000000000000000000e+00 1.000000000000000000e+00 1.000000000000000000e+00 1.000000000000000000e+00 9.998891106675538154e-01 1.000000000000000000e+00 1.000000000000000000e+00 1.000000000000000000e+00 1.000000000000000000e+00 1.000000000000000000e+00 1.000000000000000000e+00 1.000000000000000000e+00
1.000000000000000000e+00 1.000000000000000000e+00 1.000000000000000000e+00 1.000000000000000000e+00 1.000000000000000000e+00 1.000000000000000000e+00 1.000000000000000000e+00 1.000000000000000000e+00 1.000000000000000000e+00 1.000000000000000000e+00 1.000000000000000000e+00 1.000000000000000000e+00 9.998891106675538154e-01 1.000000000000000000e+00 1.000000000000000000e+00 1.000000000000000000e+00 1.000000000000000000e+00 1.000000000000000000e+00 1.000000000000000000e+00 1.000000000000000000e+00
1.000000000000000000e+00 1.000000000000000000e+00 1.000000000000000000e+00 1.000000000000000000e+00 1.000000000000000000e+00 1.000000000000000000e+00 1.000000000000000000e+00 1.000000000000000000e+00 1.000000000000000000e+00 1.000000000000000000e+00 1.000000000000000000e+00 1.000000000000000000e+00 1.000000000000000000e+00 1.000000000000000000e+00 1.000000000000000000e+00 1.000000000000000000e+00 1.000000000000000000e+00 1.000000000000000000e+00 1.000000000000000000e+00 1.000000000000000000e+00
1.000000000000000000e+00 1.000000000000000000e+00 1.000000000000000000e+00 1.000000000000000000e+00 1.000000000000000000e+00 1.000000000000000000e+00 1.000000000000000000e+00 1.000000000000000000e+00 1.000000000000000000e+00 1.000000000000000000e+00 1.000000000000000000e+00 1.000000000000000000e+00 1.000000000000000000e+00 1.000000000000000000e+00 1.000000000000000000e+00 1.000000000000000000e+00 1.000000000000000000e+00 1.000000000000000000e+00 1.000000000000000000e+00 1.000000000000000000e+00
1.000000000000000000e+00 1.000000000000000000e+00 1.000000000000000000e+00 1.000000000000000000e+00 1.000000000000000000e+00 1.000000000000000000e+00 1.000000000000000000e+00 1.000000000000000000e+00 1.000000000000000000e+00 1.000000000000000000e+00 1.000000000000000000e+00 1.000000000000000000e+00 1.000000000000000000e+00 1.000000000000000000e+00 1.000000000000000000e+00 1.000000000000000000e+00 1.000000000000000000e+00 1.000000000000000000e+00 1.000000000000000000e+00 1.000000000000000000e+00
1.000000000000000000e+00 1.000000000000000000e+00 1.000000000000000000e+00 1.000000000000000000e+00 1.000000000000000000e+00 1.000000000000000000e+00 1.000000000000000000e+00 1.000000000000000000e+00 1.000000000000000000e+00 1.000000000000000000e+00 1.000000000000000000e+00 1.000000000000000000e+00 1.000000000000000000e+00 1.000000000000000000e+00 1.000000000000000000e+00 1.000000000000000000e+00 1.000000000000000000e+00 1.000000000000000000e+00 1.000000000000000000e+00 1.000000000000000000e+00
1.000000000000000000e+00 1.000000000000000000e+00 1.000000000000000000e+00 1.000000000000000000e+00 1.000000000000000000e+00 1.000000000000000000e+00 1.000000000000000000e+00 1.000000000000000000e+00 1.000000000000000000e+00 1.000000000000000000e+00 1.000000000000000000e+00 1.000000000000000000e+00 1.000000000000000000e+00 1.000000000000000000e+00 1.000000000000000000e+00 1.000000000000000000e+00 1.000000000000000000e+00 1.000000000000000000e+00 1.000000000000000000e+00 1.000000000000000000e+00
1.000000000000000000e+00 1.000000000000000000e+00 1.000000000000000000e+00 1.000000000000000000e+00 1.000000000000000000e+00 1.000000000000000000e+00 1.000000000000000000e+00 1.000000000000000000e+00 1.000000000000000000e+00 1.000000000000000000e+00 1.000000000000000000e+00 1.000000000000000000e+00 1.000000000000000000e+00 1.000000000000000000e+00 1.000000000000000000e+00 1.000000000000000000e+00 1.000000000000000000e+00 1.000000000000000000e+00 1.000000000000000000e+00 1.000000000000000000e+00
