0.000000000000000000e+00 0.000000000000000000e+00
7.929141716566866505e-01 9.058918376667489392e-02
8.500055444666221316e-01 7.208381739171207392e-02
8.808715901530274062e-01 5.982159449683197017e-02
9.013528498558439628e-01 5.223318855179811399e-02
9.148369926813041397e-01 4.563537275612611355e-02
9.262197826569085191e-01 4.061639166579895238e-02
9.346418274561987261e-01 3.710989668824128673e-02
9.417720115324905716e-01 3.409039819218771805e-02
9.483033932135731536e-01 3.092913206341000448e-02
9.536149922377464838e-01 2.810089936029455671e-02
9.582279884675093395e-01 2.561632625454154932e-02
9.622310933688179579e-01 2.347612284513055786e-02
9.656243069416721170e-01 2.146729839722005123e-02
9.688345531159902047e-01 1.956951599205698084e-02
9.715236194278110693e-01 1.823445516773640473e-02
9.740241738744730426e-01 1.676828120374251191e-02
9.762585939232645282e-01 1.554176004779924194e-02
9.783654912397427017e-01 1.445768550491243788e-02
9.799622976269685148e-01 1.348443919583022267e-02
9.815092038145932785e-01 1.256723412996575522e-02
9.829341317365269948e-01 1.173243200144770404e-02
9.842758926591261837e-01 1.099307648590010754e-02
9.855899312486139374e-01 1.018785595802369423e-02
9.866600133067200407e-01 9.439092521010257128e-03
9.876857396318474702e-01 8.782230360120119733e-03
9.886726546906187130e-01 8.280640018155503712e-03
9.894322466178755437e-01 7.667426032851582321e-03
9.902971834109557392e-01 7.010670559334784314e-03
9.909736083388777095e-01 6.521329895501366825e-03
9.917664670658682402e-01 6.077896306335359156e-03
9.924761587935240215e-01 5.607457109368505291e-03
9.929751607895320742e-01 5.248156169611445897e-03
9.935351519183855951e-01 4.860457928426853945e-03
9.939897981814146410e-01 4.554380266381340830e-03
9.945109780439121971e-01 4.242948139200061926e-03
9.949656243069417982e-01 3.916199289793729360e-03
9.953537369705035553e-01 3.689283257614116469e-03
9.958139277001551992e-01 3.272057476436612475e-03
9.961410512308714882e-01 3.008679154067253093e-03
9.964958970946996564e-01 2.800564920348519796e-03
9.969061876247506948e-01 2.486963689500636728e-03
9.972111332889775914e-01 2.260422671789347453e-03
9.974994455533379156e-01 2.072021404106593086e-03
9.977489465513416089e-01 1.895883319290270121e-03
9.979929030827232594e-01 1.739195869345954402e-03
9.981703260146371770e-01 1.624632794021928055e-03
9.983588378797959573e-01 1.493757924624936582e-03
9.985140829452203715e-01 1.362360181803084916e-03
9.986582390774005891e-01 1.240722301994107764e-03
9.987802173430914143e-01 1.166711770908194449e-03
9.988578398758038990e-01 1.119433166014399466e-03
9.989687292082500836e-01 1.054382049635601811e-03
9.991128853404301902e-01 9.323940124008743991e-04
9.991794189398979231e-01 9.025056531104797128e-04
9.992625859392323395e-01 8.526769585183608400e-04
9.993346640053225594e-01 8.148668472332553682e-04
9.993956531381679165e-01 7.789728960467955272e-04
9.994510978043911198e-01 7.492008607771275235e-04
9.995398092703482451e-01 7.059349376899383584e-04
9.995841650033264747e-01 6.941663354152211723e-04
9.996285207363048153e-01 6.954052080555972329e-04
9.996728764692834890e-01 6.964653449216957589e-04
9.997005988023950351e-01 6.952504697013663559e-04
9.997283211355064703e-01 6.248050555885890488e-04
9.997504990019956406e-01 6.222413374535372757e-04
9.997615879352403923e-01 6.005197439611624109e-04
9.997837658017297846e-01 5.560798744394826422e-04
9.998170326014635956e-01 5.096990501012753014e-04
9.998392104679529879e-01 4.645124885014816573e-04
9.998447549345753638e-01 4.413339707725225059e-04
9.998558438678198934e-01 4.135741006646990645e-04
9.998724772676867989e-01 3.665643086286532828e-04
9.999001996007983450e-01 2.758894500914674339e-04
9.999168330006653616e-01 2.476459462644395315e-04
9.999279219339098912e-01 2.197596050411065795e-04
9.999445553337767967e-01 1.936598935082270120e-04
9.999500998003991725e-01 1.935805084286433434e-04
9.999611887336439242e-01 1.457467224228784733e-04
9.999778221335106076e-01 7.520880442587327326e-05
9.999778221335106076e-01 7.520880442587327326e-05
9.999778221335106076e-01 7.520880442587327326e-05
9.999778221335106076e-01 7.520880442587327326e-05
9.999833666001329835e-01 5.289084061970728972e-05
9.999889110667552483e-01 3.326679973385538163e-05
9.999889110667552483e-01 3.326679973385538163e-05
9.999889110667552483e-01 3.326679973385538163e-05
9.999889110667552483e-01 3.326679973385538163e-05
9.999944555333776242e-01 2.416776970248023007e-05
9.999944555333776242e-01 2.416776970248023007e-05
9.999944555333776242e-01 2.416776970248023007e-05
9.999944555333776242e-01 2.416776970248023007e-05
9.999944555333776242e-01 2.416776970248023007e-05
9.999944555333776242e-01 2.416776970248023007e-05
1.000000000000000000e+00 0.000000000000000000e+00
1.000000000000000000e+00 0.000000000000000000e+00
1.000000000000000000e+00 0.000000000000000000e+00
1.000000000000000000e+00 0.000000000000000000e+00
1.000000000000000000e+00 0.000000000000000000e+00
1.000000000000000000e+00 0.000000000000000000e+00
