9.999821051415217488e-01
9.999688663814580991e-01
9.999772393473325138e-01
9.999629891995754916e-01
9.999888672046359783e-01
9.998345959647225722e-01
9.999822301085402598e-01
9.999974965956642814e-01
9.999702768808058639e-01
9.999581621940522025e-01
9.999873332019937333e-01
9.999846586247119751e-01
9.999785636179605586e-01
9.999705567978600662e-01
9.999883816362882261e-01
9.999861135947533120e-01
9.999835067716925652e-01
9.999759971569763817e-01
9.999885849041616481e-01
9.999874776291669543e-01
