0.000000000000000000e+00 0.000000000000000000e+00
9.997948555769022860e-01 1.451963304933439518e-04
9.999159644316761852e-01 7.348812336447796032e-05
9.999456239649682221e-01 6.233320961192704624e-05
9.999604535483446188e-01 5.973098285046812524e-05
9.999703401001683867e-01 5.504717590930742824e-05
9.999752833760803261e-01 5.526870695120543453e-05
9.999752833760803261e-01 5.526870695120543453e-05
9.999777550751263178e-01 5.521339384545357281e-05
9.999802267741723094e-01 4.530675194362460411e-05
9.999802267741723094e-01 4.530675194362460411e-05
9.999851701722640707e-01 2.752321490980738836e-05
9.999901134481760101e-01 2.520609995840270235e-05
9.999950567240880606e-01 1.482982774093465440e-05
9.999975283009540084e-01 1.077388636003313334e-05
9.999975283009540084e-01 1.077388636003313334e-05
9.999975283009540084e-01 1.077388636003313334e-05
9.999975283009540084e-01 1.077388636003313334e-05
9.999975283009540084e-01 1.077388636003313334e-05
9.999975283009540084e-01 1.077388636003313334e-05
9.999975283009540084e-01 1.077388636003313334e-05
9.999975283009540084e-01 1.077388636003313334e-05
9.999975283009540084e-01 1.077388636003313334e-05
9.999975283009540084e-01 1.077388636003313334e-05
9.999975283009540084e-01 1.077388636003313334e-05
9.999975283009540084e-01 1.077388636003313334e-05
9.999975283009540084e-01 1.077388636003313334e-05
9.999975283009540084e-01 1.077388636003313334e-05
9.999975283009540084e-01 1.077388636003313334e-05
9.999975283009540084e-01 1.077388636003313334e-05
9.999975283009540084e-01 1.077388636003313334e-05
9.999975283009540084e-01 1.077388636003313334e-05
9.999975283009540084e-01 1.077388636003313334e-05
9.999975283009540084e-01 1.077388636003313334e-05
9.999975283009540084e-01 1.077388636003313334e-05
9.999975283009540084e-01 1.077388636003313334e-05
9.999975283009540084e-01 1.077388636003313334e-05
9.999975283009540084e-01 1.077388636003313334e-05
1.000000000000000000e+00 0.000000000000000000e+00
1.000000000000000000e+00 0.000000000000000000e+00
1.000000000000000000e+00 0.000000000000000000e+00
1.000000000000000000e+00 0.000000000000000000e+00
1.000000000000000000e+00 0.000000000000000000e+00
1.000000000000000000e+00 0.000000000000000000e+00
1.000000000000000000e+00 0.000000000000000000e+00
1.000000000000000000e+00 0.000000000000000000e+00
1.000000000000000000e+00 0.000000000000000000e+00
1.000000000000000000e+00 0.000000000000000000e+00
1.000000000000000000e+00 0.000000000000000000e+00
1.000000000000000000e+00 0.000000000000000000e+00
1.000000000000000000e+00 0.000000000000000000e+00
1.000000000000000000e+00 0.000000000000000000e+00
1.000000000000000000e+00 0.000000000000000000e+00
1.000000000000000000e+00 0.000000000000000000e+00
1.000000000000000000e+00 0.000000000000000000e+00
1.000000000000000000e+00 0.000000000000000000e+00
1.000000000000000000e+00 0.000000000000000000e+00
1.000000000000000000e+00 0.000000000000000000e+00
1.000000000000000000e+00 0.000000000000000000e+00
1.000000000000000000e+00 0.000000000000000000e+00
1.000000000000000000e+00 0.000000000000000000e+00
1.000000000000000000e+00 0.000000000000000000e+00
1.000000000000000000e+00 0.000000000000000000e+00
1.000000000000000000e+00 0.000000000000000000e+00
1.000000000000000000e+00 0.000000000000000000e+00
1.000000000000000000e+00 0.000000000000000000e+00
1.000000000000000000e+00 0.000000000000000000e+00
1.000000000000000000e+00 0.000000000000000000e+00
1.000000000000000000e+00 0.000000000000000000e+00
1.000000000000000000e+00 0.000000000000000000e+00
1.000000000000000000e+00 0.000000000000000000e+00
1.000000000000000000e+00 0.000000000000000000e+00
1.000000000000000000e+00 0.000000000000000000e+00
1.000000000000000000e+00 0.000000000000000000e+00
1.000000000000000000e+00 0.000000000000000000e+00
1.000000000000000000e+00 0.000000000000000000e+00
1.000000000000000000e+00 0.000000000000000000e+00
1.000000000000000000e+00 0.000000000000000000e+00
1.000000000000000000e+00 0.000000000000000000e+00
1.000000000000000000e+00 0.000000000000000000e+00
1.000000000000000000e+00 0.000000000000000000e+00
1.000000000000000000e+00 0.000000000000000000e+00
1.000000000000000000e+00 0.000000000000000000e+00
1.000000000000000000e+00 0.000000000000000000e+00
1.000000000000000000e+00 0.000000000000000000e+00
1.000000000000000000e+00 0.000000000000000000e+00
1.000000000000000000e+00 0.000000000000000000e+00
1.000000000000000000e+00 0.000000000000000000e+00
1.000000000000000000e+00 0.000000000000000000e+00
1.000000000000000000e+00 0.000000000000000000e+00
1.000000000000000000e+00 0.000000000000000000e+00
1.000000000000000000e+00 0.000000000000000000e+00
1.000000000000000000e+00 0.000000000000000000e+00
1.000000000000000000e+00 0.000000000000000000e+00
1.000000000000000000e+00 0.000000000000000000e+00
1.000000000000000000e+00 0.000000000000000000e+00
1.000000000000000000e+00 0.000000000000000000e+00
1.000000000000000000e+00 0.000000000000000000e+00
1.000000000000000000e+00 0.000000000000000000e+00
1.000000000000000000e+00 0.000000000000000000e+00
