9.999883099649532481e-01
1.000000000000000000e+00
1.000000000000000000e+00
1.000000000000000000e+00
9.999977872433660764e-01
9.999891032173314764e-01
1.000000000000000000e+00
9.999867652103221483e-01
9.999976202428655370e-01
9.999989562468708515e-01
9.999953657361064785e-01
1.000000000000000000e+00
9.999991649974967478e-01
1.000000000000000000e+00
9.999999164997496193e-01
9.999968269904873086e-01
9.999991232473715019e-01
9.999984134952435433e-01
9.999999582498747541e-01
9.999944889834779804e-01
