9.997811678705131877e-01
9.999413182948806433e-01
9.999030133346082927e-01
9.999201945410576275e-01
9.999185345211107911e-01
9.999714476569150357e-01
9.999710741524270308e-01
9.999787102441822784e-01
9.997163855920891962e-01
9.999029303336108843e-01
9.999753902042887166e-01
9.998813085738038620e-01
9.999182855181187879e-01
9.998578607920552974e-01
9.999979249750664545e-01
9.999734811813498769e-01
9.999896663758311988e-01
9.993220271034777280e-01
9.994983834725758021e-01
9.999277061313168735e-01
