0.000000000000000000e+00 0.000000000000000000e+00
9.983657684630738993e-01 2.165741959538535107e-03
9.991392215568861701e-01 1.282572924985658867e-03
9.994219893546241185e-01 8.815211544376958322e-04
9.995841650033266967e-01 6.344720932388824008e-04
9.997213905522286392e-01 4.978050348110038331e-04
9.997920825016632929e-01 3.742514970059945519e-04
9.998336660013305011e-01 3.210289265738311740e-04
9.998586161011310258e-01 3.011288587862919245e-04
9.998794078509647409e-01 2.487722224076118816e-04
9.999043579507651547e-01 1.972916860325510716e-04
9.999126746506986629e-01 1.792919256263224856e-04
9.999293080505651243e-01 1.447081889662795654e-04
9.999459414504323629e-01 9.582267649535838037e-05
9.999500998003991725e-01 8.063339749527627615e-05
9.999584165003325698e-01 7.667618477455578614e-05
9.999667332002658560e-01 4.849427723589079292e-05
9.999708915502326656e-01 3.966813046476432453e-05
9.999708915502326656e-01 3.966813046476432453e-05
9.999750499001993642e-01 3.811190697733226934e-05
9.999750499001993642e-01 3.811190697733226934e-05
9.999750499001993642e-01 3.811190697733226934e-05
9.999750499001993642e-01 3.811190697733226934e-05
9.999750499001993642e-01 3.811190697733226934e-05
9.999750499001993642e-01 3.811190697733226934e-05
9.999750499001993642e-01 3.811190697733226934e-05
9.999750499001993642e-01 3.811190697733226934e-05
9.999833666001329835e-01 3.326679973385538163e-05
9.999833666001329835e-01 3.326679973385538163e-05
9.999833666001329835e-01 3.326679973385538163e-05
9.999833666001329835e-01 3.326679973385538163e-05
9.999833666001329835e-01 3.326679973385538163e-05
9.999833666001329835e-01 3.326679973385538163e-05
9.999833666001329835e-01 3.326679973385538163e-05
9.999833666001329835e-01 3.326679973385538163e-05
9.999833666001329835e-01 3.326679973385538163e-05
9.999833666001329835e-01 3.326679973385538163e-05
9.999833666001329835e-01 3.326679973385538163e-05
9.999833666001329835e-01 3.326679973385538163e-05
9.999833666001329835e-01 3.326679973385538163e-05
9.999833666001329835e-01 3.326679973385538163e-05
9.999833666001329835e-01 3.326679973385538163e-05
9.999833666001329835e-01 3.326679973385538163e-05
9.999833666001329835e-01 3.326679973385538163e-05
9.999833666001329835e-01 3.326679973385538163e-05
9.999833666001329835e-01 3.326679973385538163e-05
9.999833666001329835e-01 3.326679973385538163e-05
9.999833666001329835e-01 3.326679973385538163e-05
9.999833666001329835e-01 3.326679973385538163e-05
9.999833666001329835e-01 3.326679973385538163e-05
9.999833666001329835e-01 3.326679973385538163e-05
9.999833666001329835e-01 3.326679973385538163e-05
9.999833666001329835e-01 3.326679973385538163e-05
9.999833666001329835e-01 3.326679973385538163e-05
9.999833666001329835e-01 3.326679973385538163e-05
9.999833666001329835e-01 3.326679973385538163e-05
9.999833666001329835e-01 3.326679973385538163e-05
9.999833666001329835e-01 3.326679973385538163e-05
9.999833666001329835e-01 3.326679973385538163e-05
9.999833666001329835e-01 3.326679973385538163e-05
9.999833666001329835e-01 3.326679973385538163e-05
9.999833666001329835e-01 3.326679973385538163e-05
9.999833666001329835e-01 3.326679973385538163e-05
9.999833666001329835e-01 3.326679973385538163e-05
9.999833666001329835e-01 3.326679973385538163e-05
9.999833666001329835e-01 3.326679973385538163e-05
9.999833666001329835e-01 3.326679973385538163e-05
9.999833666001329835e-01 3.326679973385538163e-05
9.999833666001329835e-01 3.326679973385538163e-05
9.999833666001329835e-01 3.326679973385538163e-05
9.999833666001329835e-01 3.326679973385538163e-05
9.999833666001329835e-01 3.326679973385538163e-05
9.999833666001329835e-01 3.326679973385538163e-05
9.999833666001329835e-01 3.326679973385538163e-05
9.999875249500996821e-01 2.969655866824956215e-05
9.999875249500996821e-01 2.969655866824956215e-05
9.999875249500996821e-01 2.969655866824956215e-05
9.999875249500996821e-01 2.969655866824956215e-05
9.999875249500996821e-01 2.969655866824956215e-05
9.999875249500996821e-01 2.969655866824956215e-05
9.999875249500996821e-01 2.969655866824956215e-05
9.999875249500996821e-01 2.969655866824956215e-05
9.999875249500996821e-01 2.969655866824956215e-05
9.999875249500996821e-01 2.969655866824956215e-05
9.999875249500996821e-01 2.969655866824956215e-05
9.999916833000664917e-01 2.495009980039152944e-05
9.999916833000664917e-01 2.495009980039152944e-05
9.999958416500331904e-01 1.812582727686017171e-05
9.999958416500331904e-01 1.812582727686017171e-05
9.999958416500331904e-01 1.812582727686017171e-05
9.999958416500331904e-01 1.812582727686017171e-05
9.999958416500331904e-01 1.812582727686017171e-05
9.999958416500331904e-01 1.812582727686017171e-05
9.999958416500331904e-01 1.812582727686017171e-05
9.999958416500331904e-01 1.812582727686017171e-05
9.999958416500331904e-01 1.812582727686017171e-05
9.999958416500331904e-01 1.812582727686017171e-05
9.999958416500331904e-01 1.812582727686017171e-05
9.999958416500331904e-01 1.812582727686017171e-05
1.000000000000000000e+00 0.000000000000000000e+00
