9.991479035972752332e-01
9.996560770674220997e-01
9.998803858437468328e-01
9.996609698887436446e-01
9.997802405724853791e-01
9.999064211184134354e-01
9.983199593184858278e-01
9.995464151000752473e-01
9.983735097347816723e-01
9.999037372218779751e-01
9.993814188364495976e-01
9.996618463559495682e-01
9.998171365568112590e-01
9.993147313158116107e-01
9.991849169881641402e-01
9.996215813475350931e-01
9.992377569392479897e-01
9.995140546537377713e-01
9.997702973640149038e-01
9.997280432473900635e-01
