0.000000000000000000e+00 0.000000000000000000e+00 0.000000000000000000e+00 0.000000000000000000e+00 0.000000000000000000e+00 0.000000000000000000e+00 0.000000000000000000e+00 0.000000000000000000e+00 0.000000000000000000e+00 0.000000000000000000e+00 0.000000000000000000e+00 0.000000000000000000e+00 0.000000000000000000e+00 0.000000000000000000e+00 0.000000000000000000e+00 0.000000000000000000e+00 0.000000000000000000e+00 0.000000000000000000e+00 0.000000000000000000e+00 0.000000000000000000e+00
9.827721605968391394e-01 9.933632734530938313e-01 9.973004810052027436e-01 9.924413468145676376e-01 9.960243447531167416e-01 9.982035928143712100e-01 9.688819083145184807e-01 9.905271424364385791e-01 9.636791989790910451e-01 9.983532934131736924e-01 9.891037596937273246e-01 9.938156473937370672e-01 9.971041523510356663e-01 9.837824351297405068e-01 9.839992146853833166e-01 9.932266614312358355e-01 9.831648179051732939e-01 9.910179640718562721e-01 9.952881122999901464e-01 9.961225090802002802e-01
9.916560321978993287e-01 9.974051896207585255e-01 9.990183567291646138e-01 9.973495631687444574e-01 9.984293707666633821e-01 9.993512974051895759e-01 9.825758319426720622e-01 9.953862766270736850e-01 9.841955433395503938e-01 9.994011976047904033e-01 9.953371944635319712e-01 9.970059880239521277e-01 9.989692745656229000e-01 9.935628742514970302e-01 9.925395111416511762e-01 9.970059880239521277e-01 9.929321684499853307e-01 9.951097804391217938e-01 9.979876312947875139e-01 9.982330421124963049e-01
9.941592225385295079e-01 9.984530938123752364e-01 9.995582605281241317e-01 9.983312064395798435e-01 9.992637675468735159e-01 9.996007984031936022e-01 9.897909099833120949e-01 9.973004810052027436e-01 9.899381564739373474e-01 9.996007984031936022e-01 9.974968096593698208e-01 9.983802886031216683e-01 9.992637675468735159e-01 9.967065868263472739e-01 9.955826052812407623e-01 9.981839599489545911e-01 9.952881122999901464e-01 9.972554890219560431e-01 9.989692745656229000e-01 9.990674388927064387e-01
9.959752625895749167e-01 9.987025948103792627e-01 9.996564248552076704e-01 9.988711102385393614e-01 9.995091783645823069e-01 9.998003992015968011e-01 9.935702365760282762e-01 9.979876312947875139e-01 9.926867576322764286e-01 9.998003992015968011e-01 9.981839599489545911e-01 9.988711102385393614e-01 9.996564248552076704e-01 9.981536926147704936e-01 9.966624128791596871e-01 9.988711102385393614e-01 9.966624128791596871e-01 9.980039920159680111e-01 9.993128497104152297e-01 9.993619318739570545e-01
9.970059880239521277e-01 9.991017964071856605e-01 9.998527535093747476e-01 9.993619318739570545e-01 9.997055070187493842e-01 9.998502994011976286e-01 9.954844409541572237e-01 9.987238637479139980e-01 9.946500441739472009e-01 9.998502994011976286e-01 9.986256994208304594e-01 9.990183567291646138e-01 9.997055070187493842e-01 9.989021956087824616e-01 9.976440561499950732e-01 9.993128497104152297e-01 9.979385491312456891e-01 9.985528942115768913e-01 9.997545891822912090e-01 9.994110140374987683e-01
9.976440561499950732e-01 9.993512974051895759e-01 9.998527535093747476e-01 9.994600962010405931e-01 9.998036713458329228e-01 9.998502994011976286e-01 9.964170020614508960e-01 9.989692745656229000e-01 9.958280160989496643e-01 9.999001996007984561e-01 9.987729459114558228e-01 9.992637675468735159e-01 9.999018356729164614e-01 9.993512974051895759e-01 9.978894669677039753e-01 9.995091783645823069e-01 9.983312064395798435e-01 9.990019960079840056e-01 9.997545891822912090e-01 9.994600962010405931e-01
9.984293707666633821e-01 9.994510978043912308e-01 9.998527535093747476e-01 9.996564248552076704e-01 9.998527535093747476e-01 9.999500998003991725e-01 9.969569058604103029e-01 9.992637675468735159e-01 9.964170020614508960e-01 9.999001996007984561e-01 9.991165210562481525e-01 9.994110140374987683e-01 9.999509178364582862e-01 9.995009980039920583e-01 9.984293707666633821e-01 9.996073426916658455e-01 9.988711102385393614e-01 9.992015968063872045e-01 9.998527535093747476e-01 9.995091783645823069e-01
9.988220280749975366e-01 9.996506986027944297e-01 9.999018356729164614e-01 9.997545891822912090e-01 9.998527535093747476e-01 9.999500998003991725e-01 9.973004810052027436e-01 9.993619318739570545e-01 9.971532345145773801e-01 9.999001996007984561e-01 9.993128497104152297e-01 9.994600962010405931e-01 9.999509178364582862e-01 9.996007984031936022e-01 9.987729459114558228e-01 9.997545891822912090e-01 9.991656032197899773e-01 9.993512974051895759e-01 9.999018356729164614e-01 9.996073426916658455e-01
9.989692745656229000e-01 9.997005988023952572e-01 9.999018356729164614e-01 9.999018356729164614e-01 9.999509178364582862e-01 1.000000000000000000e+00 9.979385491312456891e-01 9.995091783645823069e-01 9.975949739864533594e-01 9.999001996007984561e-01 9.994110140374987683e-01 9.994600962010405931e-01 9.999509178364582862e-01 9.996506986027944297e-01 9.990183567291646138e-01 9.998527535093747476e-01 9.993128497104152297e-01 9.994510978043912308e-01 9.999509178364582862e-01 9.997055070187493842e-01
9.992146853833316911e-01 9.997504990019959736e-01 9.999509178364582862e-01 9.999018356729164614e-01 9.999509178364582862e-01 1.000000000000000000e+00 9.983802886031216683e-01 9.996073426916658455e-01 9.981348777854127663e-01 9.999001996007984561e-01 9.994600962010405931e-01 9.996073426916658455e-01 9.999509178364582862e-01 9.997005988023952572e-01 9.991165210562481525e-01 9.998527535093747476e-01 9.994110140374987683e-01 9.995508982035927747e-01 1.000000000000000000e+00 9.997545891822912090e-01
9.992146853833316911e-01 9.998003992015968011e-01 9.999509178364582862e-01 9.999509178364582862e-01 9.999509178364582862e-01 1.000000000000000000e+00 9.985275350937469208e-01 9.996564248552076704e-01 9.986256994208304594e-01 1.000000000000000000e+00 9.994600962010405931e-01 9.996564248552076704e-01 9.999509178364582862e-01 9.998003992015968011e-01 9.992637675468735159e-01 9.998527535093747476e-01 9.995091783645823069e-01 9.995508982035927747e-01 1.000000000000000000e+00 9.999018356729164614e-01
9.994110140374987683e-01 9.998003992015968011e-01 1.000000000000000000e+00 9.999509178364582862e-01 9.999509178364582862e-01 1.000000000000000000e+00 9.987729459114558228e-01 9.997545891822912090e-01 9.987238637479139980e-01 1.000000000000000000e+00 9.995582605281241317e-01 9.996564248552076704e-01 9.999509178364582862e-01 9.999500998003991725e-01 9.994110140374987683e-01 9.999018356729164614e-01 9.996564248552076704e-01 9.996506986027944297e-01 1.000000000000000000e+00 9.999018356729164614e-01
9.995582605281241317e-01 9.998502994011976286e-01 1.000000000000000000e+00 1.000000000000000000e+00 1.000000000000000000e+00 1.000000000000000000e+00 9.989692745656229000e-01 9.997545891822912090e-01 9.987729459114558228e-01 1.000000000000000000e+00 9.997055070187493842e-01 9.996564248552076704e-01 9.999509178364582862e-01 9.999500998003991725e-01 9.995582605281241317e-01 9.999018356729164614e-01 9.997055070187493842e-01 9.998003992015968011e-01 1.000000000000000000e+00 9.999509178364582862e-01
9.996073426916658455e-01 9.998502994011976286e-01 1.000000000000000000e+00 1.000000000000000000e+00 1.000000000000000000e+00 1.000000000000000000e+00 9.991165210562481525e-01 9.998036713458329228e-01 9.989692745656229000e-01 1.000000000000000000e+00 9.997545891822912090e-01 9.997055070187493842e-01 9.999509178364582862e-01 1.000000000000000000e+00 9.996073426916658455e-01 9.999509178364582862e-01 9.997545891822912090e-01 9.998502994011976286e-01 1.000000000000000000e+00 9.999509178364582862e-01
9.997545891822912090e-01 9.998502994011976286e-01 1.000000000000000000e+00 1.000000000000000000e+00 1.000000000000000000e+00 1.000000000000000000e+00 9.991656032197899773e-01 9.998527535093747476e-01 9.993128497104152297e-01 1.000000000000000000e+00 9.997545891822912090e-01 9.997545891822912090e-01 9.999509178364582862e-01 1.000000000000000000e+00 9.996564248552076704e-01 1.000000000000000000e+00 9.997545891822912090e-01 9.999001996007984561e-01 1.000000000000000000e+00 9.999509178364582862e-01
9.997545891822912090e-01 9.999500998003991725e-01 1.000000000000000000e+00 1.000000000000000000e+00 1.000000000000000000e+00 1.000000000000000000e+00 9.993619318739570545e-01 9.998527535093747476e-01 9.993128497104152297e-01 1.000000000000000000e+00 9.997545891822912090e-01 9.998036713458329228e-01 9.999509178364582862e-01 1.000000000000000000e+00 9.997545891822912090e-01 1.000000000000000000e+00 9.998527535093747476e-01 9.999500998003991725e-01 1.000000000000000000e+00 9.999509178364582862e-01
9.998036713458329228e-01 9.999500998003991725e-01 1.000000000000000000e+00 1.000000000000000000e+00 1.000000000000000000e+00 1.000000000000000000e+00 9.994600962010405931e-01 9.998527535093747476e-01 9.993619318739570545e-01 1.000000000000000000e+00 9.998527535093747476e-01 9.998036713458329228e-01 9.999509178364582862e-01 1.000000000000000000e+00 9.997545891822912090e-01 1.000000000000000000e+00 9.998527535093747476e-01 9.999500998003991725e-01 1.000000000000000000e+00 9.999509178364582862e-01
9.998527535093747476e-01 9.999500998003991725e-01 1.000000000000000000e+00 1.000000000000000000e+00 1.000000000000000000e+00 1.000000000000000000e+00 9.995091783645823069e-01 9.998527535093747476e-01 9.994600962010405931e-01 1.000000000000000000e+00 9.998527535093747476e-01 9.998527535093747476e-01 9.999509178364582862e-01 1.000000000000000000e+00 9.998036713458329228e-01 1.000000000000000000e+00 9.998527535093747476e-01 9.999500998003991725e-01 1.000000000000000000e+00 9.999509178364582862e-01
9.999018356729164614e-01 9.999500998003991725e-01 1.000000000000000000e+00 1.000000000000000000e+00 1.000000000000000000e+00 1.000000000000000000e+00 9.995582605281241317e-01 9.998527535093747476e-01 9.995091783645823069e-01 1.000000000000000000e+00 9.999018356729164614e-01 9.998527535093747476e-01 9.999509178364582862e-01 1.000000000000000000e+00 9.998527535093747476e-01 1.000000000000000000e+00 9.998527535093747476e-01 9.999500998003991725e-01 1.000000000000000000e+00 9.999509178364582862e-01
9.999018356729164614e-01 9.999500998003991725e-01 1.000000000000000000e+00 1.000000000000000000e+00 1.000000000000000000e+00 1.000000000000000000e+00 9.995582605281241317e-01 9.999018356729164614e-01 9.995091783645823069e-01 1.000000000000000000e+00 9.999018356729164614e-01 9.999018356729164614e-01 9.999509178364582862e-01 1.000000000000000000e+00 9.998527535093747476e-01 1.000000000000000000e+00 9.998527535093747476e-01 9.999500998003991725e-01 1.000000000000000000e+00 9.999509178364582862e-01
9.999018356729164614e-01 9.999500998003991725e-01 1.000000000000000000e+00 1.000000000000000000e+00 1.000000000000000000e+00 1.000000000000000000e+00 9.996073426916658455e-01 9.999018356729164614e-01 9.995582605281241317e-01 1.000000000000000000e+00 9.999018356729164614e-01 9.999018356729164614e-01 9.999509178364582862e-01 1.000000000000000000e+00 9.999018356729164614e-01 1.000000000000000000e+00 9.999018356729164614e-01 9.999500998003991725e-01 1.000000000000000000e+00 9.999509178364582862e-01
9.999018356729164614e-01 9.999500998003991725e-01 1.000000000000000000e+00 1.000000000000000000e+00 1.000000000000000000e+00 1.000000000000000000e+00 9.996564248552076704e-01 9.999509178364582862e-01 9.997055070187493842e-01 1.000000000000000000e+00 9.999509178364582862e-01 9.999018356729164614e-01 9.999509178364582862e-01 1.000000000000000000e+00 9.999018356729164614e-01 1.000000000000000000e+00 9.999018356729164614e-01 9.999500998003991725e-01 1.000000000000000000e+00 9.999509178364582862e-01
9.999018356729164614e-01 9.999500998003991725e-01 1.000000000000000000e+00 1.000000000000000000e+00 1.000000000000000000e+00 1.000000000000000000e+00 9.996564248552076704e-01 9.999509178364582862e-01 9.998036713458329228e-01 1.000000000000000000e+00 9.999509178364582862e-01 9.999018356729164614e-01 9.999509178364582862e-01 1.000000000000000000e+00 9.999018356729164614e-01 1.000000000000000000e+00 9.999018356729164614e-01 9.999500998003991725e-01 1.000000000000000000e+00 9.999509178364582862e-01
9.999509178364582862e-01 9.999500998003991725e-01 1.000000000000000000e+00 1.000000000000000000e+00 1.000000000000000000e+00 1.000000000000000000e+00 9.997055070187493842e-01 9.999509178364582862e-01 9.998036713458329228e-01 1.000000000000000000e+00 9.999509178364582862e-01 9.999018356729164614e-01 9.999509178364582862e-01 1.000000000000000000e+00 9.999018356729164614e-01 1.000000000000000000e+00 9.999018356729164614e-01 9.999500998003991725e-01 1.000000000000000000e+00 9.999509178364582862e-01
9.999509178364582862e-01 9.999500998003991725e-01 1.000000000000000000e+00 1.000000000000000000e+00 1.000000000000000000e+00 1.000000000000000000e+00 9.998036713458329228e-01 9.999509178364582862e-01 9.998527535093747476e-01 1.000000000000000000e+00 9.999509178364582862e-01 9.999018356729164614e-01 9.999509178364582862e-01 1.000000000000000000e+00 9.999018356729164614e-01 1.000000000000000000e+00 9.999018356729164614e-01 9.999500998003991725e-01 1.000000000000000000e+00 9.999509178364582862e-01
9.999509178364582862e-01 9.999500998003991725e-01 1.000000000000000000e+00 1.000000000000000000e+00 1.000000000000000000e+00 1.000000000000000000e+00 9.998036713458329228e-01 9.999509178364582862e-01 9.998527535093747476e-01 1.000000000000000000e+00 9.999509178364582862e-01 9.999509178364582862e-01 9.999509178364582862e-01 1.000000000000000000e+00 9.999018356729164614e-01 1.000000000000000000e+00 9.999018356729164614e-01 1.000000000000000000e+00 1.000000000000000000e+00 9.999509178364582862e-01
9.999509178364582862e-01 9.999500998003991725e-01 1.000000000000000000e+00 1.000000000000000000e+00 1.000000000000000000e+00 1.000000000000000000e+00 9.998036713458329228e-01 9.999509178364582862e-01 9.998527535093747476e-01 1.000000000000000000e+00 9.999509178364582862e-01 9.999509178364582862e-01 9.999509178364582862e-01 1.000000000000000000e+00 9.999018356729164614e-01 1.000000000000000000e+00 9.999018356729164614e-01 1.000000000000000000e+00 1.000000000000000000e+00 9.999509178364582862e-01
9.999509178364582862e-01 9.999500998003991725e-01 1.000000000000000000e+00 1.000000000000000000e+00 1.000000000000000000e+00 1.000000000000000000e+00 9.998036713458329228e-01 9.999509178364582862e-01 9.999018356729164614e-01 1.000000000000000000e+00 9.999509178364582862e-01 9.999509178364582862e-01 9.999509178364582862e-01 1.000000000000000000e+00 9.999509178364582862e-01 1.000000000000000000e+00 9.999018356729164614e-01 1.000000000000000000e+00 1.000000000000000000e+00 1.000000000000000000e+00
1.000000000000000000e+00 9.999500998003991725e-01 1.000000000000000000e+00 1.000000000000000000e+00 1.000000000000000000e+00 1.000000000000000000e+00 9.998527535093747476e-01 9.999509178364582862e-01 1.000000000000000000e+00 1.000000000000000000e+00 9.999509178364582862e-01 9.999509178364582862e-01 9.999509178364582862e-01 1.000000000000000000e+00 9.999509178364582862e-01 1.000000000000000000e+00 9.999018356729164614e-01 1.000000000000000000e+00 1.000000000000000000e+00 1.000000000000000000e+00
1.000000000000000000e+00 9.999500998003991725e-01 1.000000000000000000e+00 1.000000000000000000e+00 1.000000000000000000e+00 1.000000000000000000e+00 9.998527535093747476e-01 9.999509178364582862e-01 1.000000000000000000e+00 1.000000000000000000e+00 9.999509178364582862e-01 9.999509178364582862e-01 9.999509178364582862e-01 1.000000000000000000e+00 9.999509178364582862e-01 1.000000000000000000e+00 9.999018356729164614e-01 1.000000000000000000e+00 1.000000000000000000e+00 1.000000000000000000e+00
1.000000000000000000e+00 9.999500998003991725e-01 1.000000000000000000e+00 1.000000000000000000e+00 1.000000000000000000e+00 1.000000000000000000e+00 9.999018356729164614e-01 9.999509178364582862e-01 1.000000000000000000e+00 1.000000000000000000e+00 9.999509178364582862e-01 9.999509178364582862e-01 9.999509178364582862e-01 1.000000000000000000e+00 9.999509178364582862e-01 1.000000000000000000e+00 9.999018356729164614e-01 1.000000000000000000e+00 1.000000000000000000e+00 1.000000000000000000e+00
1.000000000000000000e+00 9.999500998003991725e-01 1.000000000000000000e+00 1.000000000000000000e+00 1.000000000000000000e+00 1.000000000000000000e+00 9.999018356729164614e-01 1.000000000000000000e+00 1.000000000000000000e+00 1.000000000000000000e+00 9.999509178364582862e-01 9.999509178364582862e-01 9.999509178364582862e-01 1.000000000000000000e+00 9.999509178364582862e-01 1.000000000000000000e+00 9.999018356729164614e-01 1.000000000000000000e+00 1.000000000000000000e+00 1.000000000000000000e+00
1.000000000000000000e+00 9.999500998003991725e-01 1.000000000000000000e+00 1.000000000000000000e+00 1.000000000000000000e+00 1.000000000000000000e+00 9.999018356729164614e-01 1.000000000000000000e+00 1.000000000000000000e+00 1.000000000000000000e+00 9.999509178364582862e-01 9.999509178364582862e-01 9.999509178364582862e-01 1.000000000000000000e+00 9.999509178364582862e-01 1.000000000000000000e+00 9.999018356729164614e-01 1.000000000000000000e+00 1.000000000000000000e+00 1.000000000000000000e+00
1.000000000000000000e+00 9.999500998003991725e-01 1.000000000000000000e+00 1.000000000000000000e+00 1.000000000000000000e+00 1.000000000000000000e+00 9.999018356729164614e-01 1.000000000000000000e+00 1.000000000000000000e+00 1.000000000000000000e+00 9.999509178364582862e-01 9.999509178364582862e-01 9.999509178364582862e-01 1.000000000000000000e+00 9.999509178364582862e-01 1.000000000000000000e+00 9.999018356729164614e-01 1.000000000000000000e+00 1.000000000000000000e+00 1.000000000000000000e+00
1.000000000000000000e+00 9.999500998003991725e-01 1.000000000000000000e+00 1.000000000000000000e+00 1.000000000000000000e+00 1.000000000000000000e+00 9.999018356729164614e-01 1.000000000000000000e+00 1.000000000000000000e+00 1.000000000000000000e+00 9.999509178364582862e-01 9.999509178364582862e-01 9.999509178364582862e-01 1.000000000000000000e+00 9.999509178364582862e-01 1.000000000000000000e+00 9.999018356729164614e-01 1.000000000000000000e+00 1.000000000000000000e+00 1.000000000000000000e+00
1.000000000000000000e+00 9.999500998003991725e-01 1.000000000000000000e+00 1.000000000000000000e+00 1.000000000000000000e+00 1.000000000000000000e+00 9.999018356729164614e-01 1.000000000000000000e+00 1.000000000000000000e+00 1.000000000000000000e+00 9.999509178364582862e-01 9.999509178364582862e-01 9.999509178364582862e-01 1.000000000000000000e+00 9.999509178364582862e-01 1.000000000000000000e+00 9.999018356729164614e-01 1.000000000000000000e+00 1.000000000000000000e+00 1.000000000000000000e+00
1.000000000000000000e+00 1.000000000000000000e+00 1.000000000000000000e+00 1.000000000000000000e+00 1.000000000000000000e+00 1.000000000000000000e+00 9.999018356729164614e-01 1.000000000000000000e+00 1.000000000000000000e+00 1.000000000000000000e+00 1.000000000000000000e+00 9.999509178364582862e-01 9.999509178364582862e-01 1.000000000000000000e+00 9.999509178364582862e-01 1.000000000000000000e+00 9.999509178364582862e-01 1.000000000000000000e+00 1.000000000000000000e+00 1.000000000000000000e+00
1.000000000000000000e+00 1.000000000000000000e+00 1.000000000000000000e+00 1.000000000000000000e+00 1.000000000000000000e+00 1.000000000000000000e+00 9.999018356729164614e-01 1.000000000000000000e+00 1.000000000000000000e+00 1.000000000000000000e+00 1.000000000000000000e+00 1.000000000000000000e+00 9.999509178364582862e-01 1.000000000000000000e+00 9.999509178364582862e-01 1.000000000000000000e+00 9.999509178364582862e-01 1.000000000000000000e+00 1.000000000000000000e+00 1.000000000000000000e+00
1.000000000000000000e+00 1.000000000000000000e+00 1.000000000000000000e+00 1.000000000000000000e+00 1.000000000000000000e+00 1.000000000000000000e+00 9.999018356729164614e-01 1.000000000000000000e+00 1.000000000000000000e+00 1.000000000000000000e+00 1.000000000000000000e+00 1.000000000000000000e+00 9.999509178364582862e-01 1.000000000000000000e+00 9.999509178364582862e-01 1.000000000000000000e+00 9.999509178364582862e-01 1.000000000000000000e+00 1.000000000000000000e+00 1.000000000000000000e+00
1.000000000000000000e+00 1.000000000000000000e+00 1.000000000000000000e+00 1.000000000000000000e+00 1.000000000000000000e+00 1.000000000000000000e+00 9.999018356729164614e-01 1.000000000000000000e+00 1.000000000000000000e+00 1.000000000000000000e+00 1.000000000000000000e+00 1.000000000000000000e+00 9.999509178364582862e-01 1.000000000000000000e+00 9.999509178364582862e-01 1.000000000000000000e+00 9.999509178364582862e-01 1.000000000000000000e+00 1.000000000000000000e+00 1.000000000000000000e+00
1.000000000000000000e+00 1.000000000000000000e+00 1.000000000000000000e+00 1.000000000000000000e+00 1.000000000000000000e+00 1.000000000000000000e+00 9.999018356729164614e-01 1.000000000000000000e+00 1.000000000000000000e+00 1.000000000000000000e+00 1.000000000000000000e+00 1.000000000000000000e+00 9.999509178364582862e-01 1.000000000000000000e+00 9.999509178364582862e-01 1.000000000000000000e+00 9.999509178364582862e-01 1.000000000000000000e+00 1.000000000000000000e+00 1.000000000000000000e+00
1.000000000000000000e+00 1.000000000000000000e+00 1.000000000000000000e+00 1.000000000000000000e+00 1.000000000000000000e+00 1.000000000000000000e+00 9.999018356729164614e-01 1.000000000000000000e+00 1.000000000000000000e+00 1.000000000000000000e+00 1.000000000000000000e+00 1.000000000000000000e+00 9.999509178364582862e-01 1.000000000000000000e+00 9.999509178364582862e-01 1.000000000000000000e+00 1.000000000000000000e+00 1.000000000000000000e+00 1.000000000000000000e+00 1.000000000000000000e+00
1.000000000000000000e+00 1.000000000000000000e+00 1.000000000000000000e+00 1.000000000000000000e+00 1.000000000000000000e+00 1.000000000000000000e+00 9.999018356729164614e-01 1.000000000000000000e+00 1.000000000000000000e+00 1.000000000000000000e+00 1.000000000000000000e+00 1.000000000000000000e+00 9.999509178364582862e-01 1.000000000000000000e+00 9.999509178364582862e-01 1.000000000000000000e+00 1.000000000000000000e+00 1.000000000000000000e+00 1.000000000000000000e+00 1.000000000000000000e+00
1.000000000000000000e+00 1.000000000000000000e+00 1.000000000000000000e+00 1.000000000000000000e+00 1.000000000000000000e+00 1.000000000000000000e+00 9.999018356729164614e-01 1.000000000000000000e+00 1.000000000000000000e+00 1.000000000000000000e+00 1.000000000000000000e+00 1.000000000000000000e+00 9.999509178364582862e-01 1.000000000000000000e+00 9.999509178364582862e-01 1.000000000000000000e+00 1.000000000000000000e+00 1.000000000000000000e+00 1.000000000000000000e+00 1.000000000000000000e+00
1.000000000000000000e+00 1.000000000000000000e+00 1.000000000000000000e+00 1.000000000000000000e+00 1.000000000000000000e+00 1.000000000000000000e+00 9.999018356729164614e-01 1.000000000000000000e+00 1.000000000000000000e+00 1.000000000000000000e+00 1.000000000000000000e+00 1.000000000000000000e+00 9.999509178364582862e-01 1.000000000000000000e+00 9.999509178364582862e-01 1.000000000000000000e+00 1.000000000000000000e+00 1.000000000000000000e+00 1.000000000000000000e+00 1.000000000000000000e+00
1.000000000000000000e+00 1.000000000000000000e+00 1.000000000000000000e+00 1.000000000000000000e+00 1.000000000000000000e+00 1.000000000000000000e+00 9.999018356729164614e-01 1.000000000000000000e+00 1.000000000000000000e+00 1.000000000000000000e+00 1.000000000000000000e+00 1.000000000000000000e+00 9.999509178364582862e-01 1.000000000000000000e+00 9.999509178364582862e-01 1.000000000000000000e+00 1.000000000000000000e+00 1.000000000000000000e+00 1.000000000000000000e+00 1.000000000000000000e+00
1.000000000000000000e+00 1.000000000000000000e+00 1.000000000000000000e+00 1.000000000000000000e+00 1.000000000000000000e+00 1.000000000000000000e+00 9.999509178364582862e-01 1.000000000000000000e+00 1.000000000000000000e+00 1.000000000000000000e+00 1.000000000000000000e+00 1.000000000000000000e+00 9.999509178364582862e-01 1.000000000000000000e+00 9.999509178364582862e-01 1.000000000000000000e+00 1.000000000000000000e+00 1.000000000000000000e+00 1.000000000000000000e+00 1.000000000000000000e+00
1.000000000000000000e+00 1.000000000000000000e+00 1.000000000000000000e+00 1.000000000000000000e+00 1.000000000000000000e+00 1.000000000000000000e+00 9.999509178364582862e-01 1.000000000000000000e+00 1.000000000000000000e+00 1.000000000000000000e+00 1.000000000000000000e+00 1.000000000000000000e+00 9.999509178364582862e-01 1.000000000000000000e+00 9.999509178364582862e-01 1.000000000000000000e+00 1.000000000000000000e+00 1.000000000000000000e+00 1.000000000000000000e+00 1.000000000000000000e+00
1.000000000000000000e+00 1.000000000000000000e+00 1.000000000000000000e+00 1.000000000000000000e+00 1.000000000000000000e+00 1.000000000000000000e+00 9.999509178364582862e-01 1.000000000000000000e+00 1.000000000000000000e+00 1.000000000000000000e+00 1.000000000000000000e+00 1.000000000000000000e+00 9.999509178364582862e-01 1.000000000000000000e+00 9.999509178364582862e-01 1.000000000000000000e+00 1.000000000000000000e+00 1.000000000000000000e+00 1.000000000000000000e+00 1.000000000000000000e+00
1.000000000000000000e+00 1.000000000000000000e+00 1.000000000000000000e+00 1.000000000000000000e+00 1.000000000000000000e+00 1.000000000000000000e+00 1.000000000000000000e+00 1.000000000000000000e+00 1.000000000000000000e+00 1.000000000000000000e+00 1.000000000000000000e+00 1.000000000000000000e+00 9.999509178364582862e-01 1.000000000000000000e+00 9.999509178364582862e-01 1.000000000000000000e+00 1.000000000000000000e+00 1.000000000000000000e+00 1.000000000000000000e+00 1.000000000000000000e+00
1.000000000000000000e+00 1.000000000000000000e+00 1.000000000000000000e+00 1.000000000000000000e+00 1.000000000000000000e+00 1.000000000000000000e+00 1.000000000000000000e+00 1.000000000000000000e+00 1.000000000000000000e+00 1.000000000000000000e+00 1.000000000000000000e+00 1.000000000000000000e+00 9.999509178364582862e-01 1.000000000000000000e+00 9.999509178364582862e-01 1.000000000000000000e+00 1.000000000000000000e+00 1.000000000000000000e+00 1.000000000000000000e+00 1.000000000000000000e+00
1.000000000000000000e+00 1.000000000000000000e+00 1.000000000000000000e+00 1.000000000000000000e+00 1.000000000000000000e+00 1.000000000000000000e+00 1.000000000000000000e+00 1.000000000000000000e+00 1.000000000000000000e+00 1.000000000000000000e+00 1.000000000000000000e+00 1.000000000000000000e+00 9.999509178364582862e-01 1.000000000000000000e+00 9.999509178364582862e-01 1.000000000000000000e+00 1.000000000000000000e+00 1.000000000000000000e+00 1.000000000000000000e+00 1.000000000000000000e+00
1.000000000000000000e+00 1.000000000000000000e+00 1.000000000000000000e+00 1.000000000000000000e+00 1.000000000000000000e+00 1.000000000000000000e+00 1.000000000000000000e+00 1.000000000000000000e+00 1.000000000000000000e+00 1.000000000000000000e+00 1.000000000000000000e+00 1.000000000000000000e+00 9.999509178364582862e-01 1.000000000000000000e+00 9.999509178364582862e-01 1.000000000000000000e+00 1.000000000000000000e+00 1.000000000000000000e+00 1.000000000000000000e+00 1.000000000000000000e+00
1.000000000000000000e+00 1.000000000000000000e+00 1.000000000000000000e+00 1.000000000000000000e+00 1.000000000000000000e+00 1.000000000000000000e+00 1.000000000000000000e+00 1.000000000000000000e+00 1.000000000000000000e+00 1.000000000000000000e+00 1.000000000000000000e+00 1.000000000000000000e+00 9.999509178364582862e-01 1.000000000000000000e+00 9.999509178364582862e-01 1.000000000000000000e+00 1.000000000000000000e+00 1.000000000000000000e+00 1.000000000000000000e+00 1.000000000000000000e+00
1.000000000000000000e+00 1.000000000000000000e+00 1.000000000000000000e+00 1.000000000000000000e+00 1.000000000000000000e+00 1.000000000000000000e+00 1.000000000000000000e+00 1.000000000000000000e+00 1.000000000000000000e+00 1.000000000000000000e+00 1.000000000000000000e+00 1.000000000000000000e+00 9.999509178364582862e-01 1.000000000000000000e+00 9.999509178364582862e-01 1.000000000000000000e+00 1.000000000000000000e+00 1.000000000000000000e+00 1.000000000000000000e+00 1.000000000000000000e+00
1.000000000000000000e+00 1.000000000000000000e+00 1.000000000000000000e+00 1.000000000000000000e+00 1.000000000000000000e+00 1.000000000000000000e+00 1.000000000000000000e+00 1.000000000000000000e+00 1.000000000000000000e+00 1.000000000000000000e+00 1.000000000000000000e+00 1.000000000000000000e+00 9.999509178364582862e-01 1.000000000000000000e+00 9.999509178364582862e-01 1.000000000000000000e+00 1.000000000000000000e+00 1.000000000000000000e+00 1.000000000000000000e+00 1.000000000000000000e+00
1.000000000000000000e+00 1.000000000000000000e+00 1.000000000000000000e+00 1.000000000000000000e+00 1.000000000000000000e+00 1.000000000000000000e+00 1.000000000000000000e+00 1.000000000000000000e+00 1.000000000000000000e+00 1.000000000000000000e+00 1.000000000000000000e+00 1.000000000000000000e+00 9.999509178364582862e-01 1.000000000000000000e+00 9.999509178364582862e-01 1.000000000000000000e+00 1.000000000000000000e+00 1.000000000000000000e+00 1.000000000000000000e+00 1.000000000000000000e+00
1.000000000000000000e+00 1.000000000000000000e+00 1.000000000000000000e+00 1.000000000000000000e+00 1.000000000000000000e+00 1.000000000000000000e+00 1.000000000000000000e+00 1.000000000000000000e+00 1.000000000000000000e+00 1.000000000000000000e+00 1.000000000000000000e+00 1.000000000000000000e+00 9.999509178364582862e-01 1.000000000000000000e+00 9.999509178364582862e-01 1.000000000000000000e+00 1.000000000000000000e+00 1.000000000000000000e+00 1.000000000000000000e+00 1.000000000000000000e+00
1.000000000000000000e+00 1.000000000000000000e+00 1.000000000000000000e+00 1.000000000000000000e+00 1.000000000000000000e+00 1.000000000000000000e+00 1.000000000000000000e+00 1.000000000000000000e+00 1.000000000000000000e+00 1.000000000000000000e+00 1.000000000000000000e+00 1.000000000000000000e+00 9.999509178364582862e-01 1.000000000000000000e+00 9.999509178364582862e-01 1.000000000000000000e+00 1.000000000000000000e+00 1.000000000000000000e+00 1.000000000000000000e+00 1.000000000000000000e+00
1.000000000000000000e+00 1.000000000000000000e+00 1.000000000000000000e+00 1.000000000000000000e+00 1.000000000000000000e+00 1.000000000000000000e+00 1.000000000000000000e+00 1.000000000000000000e+00 1.000000000000000000e+00 1.000000000000000000e+00 1.000000000000000000e+00 1.000000000000000000e+00 9.999509178364582862e-01 1.000000000000000000e+00 9.999509178364582862e-01 1.000000000000000000e+00 1.000000000000000000e+00 1.000000000000000000e+00 1.000000000000000000e+00 1.000000000000000000e+00
1.000000000000000000e+00 1.000000000000000000e+00 1.000000000000000000e+00 1.000000000000000000e+00 1.000000000000000000e+00 1.000000000000000000e+00 1.000000000000000000e+00 1.000000000000000000e+00 1.000000000000000000e+00 1.000000000000000000e+00 1.000000000000000000e+00 1.000000000000000000e+00 9.999509178364582862e-01 1.000000000000000000e+00 9.999509178364582862e-01 1.000000000000000000e+00 1.000000000000000000e+00 1.000000000000000000e+00 1.000000000000000000e+00 1.000000000000000000e+00
1.000000000000000000e+00 1.000000000000000000e+00 1.000000000000000000e+00 1.000000000000000000e+00 1.000000000000000000e+00 1.000000000000000000e+00 1.000000000000000000e+00 1.000000000000000000e+00 1.000000000000000000e+00 1.000000000000000000e+00 1.000000000000000000e+00 1.000000000000000000e+00 9.999509178364582862e-01 1.000000000000000000e+00 9.999509178364582862e-01 1.000000000000000000e+00 1.000000000000000000e+00 1.000000000000000000e+00 1.000000000000000000e+00 1.000000000000000000e+00
1.000000000000000000e+00 1.000000000000000000e+00 1.000000000000000000e+00 1.000000000000000000e+00 1.000000000000000000e+00 1.000000000000000000e+00 1.000000000000000000e+00 1.000000000000000000e+00 1.000000000000000000e+00 1.000000000000000000e+00 1.000000000000000000e+00 1.000000000000000000e+00 9.999509178364582862e-01 1.000000000000000000e+00 9.999509178364582862e-01 1.000000000000000000e+00 1.000000000000000000e+00 1.000000000000000000e+00 1.000000000000000000e+00 1.000000000000000000e+00
1.000000000000000000e+00 1.000000000000000000e+00 1.000000000000000000e+00 1.000000000000000000e+00 1.000000000000000000e+00 1.000000000000000000e+00 1.000000000000000000e+00 1.000000000000000000e+00 1.000000000000000000e+00 1.000000000000000000e+00 1.000000000000000000e+00 1.000000000000000000e+00 9.999509178364582862e-01 1.000000000000000000e+00 9.999509178364582862e-01 1.000000000000000000e+00 1.000000000000000000e+00 1.000000000000000000e+00 1.000000000000000000e+00 1.000000000000000000e+00
1.000000000000000000e+00 1.000000000000000000e+00 1.000000000000000000e+00 1.000000000000000000e+00 1.000000000000000000e+00 1.000000000000000000e+00 1.000000000000000000e+00 1.000000000000000000e+00 1.000000000000000000e+00 1.000000000000000000e+00 1.000000000000000000e+00 1.000000000000000000e+00 9.999509178364582862e-01 1.000000000000000000e+00 9.999509178364582862e-01 1.000000000000000000e+00 1.000000000000000000e+00 1.000000000000000000e+00 1.000000000000000000e+00 1.000000000000000000e+00
1.000000000000000000e+00 1.000000000000000000e+00 1.000000000000000000e+00 1.000000000000000000e+00 1.000000000000000000e+00 1.000000000000000000e+00 1.000000000000000000e+00 1.000000000000000000e+00 1.000000000000000000e+00 1.000000000000000000e+00 1.000000000000000000e+00 1.000000000000000000e+00 9.999509178364582862e-01 1.000000000000000000e+00 9.999509178364582862e-01 1.000000000000000000e+00 1.000000000000000000e+00 1.000000000000000000e+00 1.000000000000000000e+00 1.000000000000000000e+00
1.000000000000000000e+00 1.000000000000000000e+00 1.000000000000000000e+00 1.000000000000000000e+00 1.000000000000000000e+00 1.000000000000000000e+00 1.000000000000000000e+00 1.000000000000000000e+00 1.000000000000000000e+00 1.000000000000000000e+00 1.000000000000000000e+00 1.000000000000000000e+00 9.999509178364582862e-01 1.000000000000000000e+00 9.999509178364582862e-01 1.000000000000000000e+00 1.000000000000000000e+00 1.000000000000000000e+00 1.000000000000000000e+00 1.000000000000000000e+00
1.000000000000000000e+00 1.000000000000000000e+00 1.000000000000000000e+00 1.000000000000000000e+00 1.000000000000000000e+00 1.000000000000000000e+00 1.000000000000000000e+00 1.000000000000000000e+00 1.000000000000000000e+00 1.000000000000000000e+00 1.000000000000000000e+00 1.000000000000000000e+00 9.999509178364582862e-01 1.000000000000000000e+00 9.999509178364582862e-01 1.000000000000000000e+00 1.000000000000000000e+00 1.000000000000000000e+00 1.000000000000000000e+00 1.000000000000000000e+00
1.000000000000000000e+00 1.000000000000000000e+00 1.000000000000000000e+00 1.000000000000000000e+00 1.000000000000000000e+00 1.000000000000000000e+00 1.000000000000000000e+00 1.000000000000000000e+00 1.000000000000000000e+00 1.000000000000000000e+00 1.000000000000000000e+00 1.000000000000000000e+00 9.999509178364582862e-01 1.000000000000000000e+00 9.999509178364582862e-01 1.000000000000000000e+00 1.000000000000000000e+00 1.000000000000000000e+00 1.000000000000000000e+00 1.000000000000000000e+00
1.000000000000000000e+00 1.000000000000000000e+00 1.000000000000000000e+00 1.000000000000000000e+00 1.000000000000000000e+00 1.000000000000000000e+00 1.000000000000000000e+00 1.000000000000000000e+00 1.000000000000000000e+00 1.000000000000000000e+00 1.000000000000000000e+00 1.000000000000000000e+00 9.999509178364582862e-01 1.000000000000000000e+00 9.999509178364582862e-01 1.000000000000000000e+00 1.000000000000000000e+00 1.000000000000000000e+00 1.000000000000000000e+00 1.000000000000000000e+00
1.000000000000000000e+00 1.000000000000000000e+00 1.000000000000000000e+00 1.000000000000000000e+00 1.000000000000000000e+00 1.000000000000000000e+00 1.000000000000000000e+00 1.000000000000000000e+00 1.000000000000000000e+00 1.000000000000000000e+00 1.000000000000000000e+00 1.000000000000000000e+00 9.999509178364582862e-01 1.000000000000000000e+00 9.999509178364582862e-01 1.000000000000000000e+00 1.000000000000000000e+00 1.000000000000000000e+00 1.000000000000000000e+00 1.000000000000000000e+00
1.000000000000000000e+00 1.000000000000000000e+00 1.000000000000000000e+00 1.000000000000000000e+00 1.000000000000000000e+00 1.000000000000000000e+00 1.000000000000000000e+00 1.000000000000000000e+00 1.000000000000000000e+00 1.000000000000000000e+00 1.000000000000000000e+00 1.000000000000000000e+00 9.999509178364582862e-01 1.000000000000000000e+00 9.999509178364582862e-01 1.000000000000000000e+00 1.000000000000000000e+00 1.000000000000000000e+00 1.000000000000000000e+00 1.000000000000000000e+00
1.000000000000000000e+00 1.000000000000000000e+00 1.000000000000000000e+00 1.000000000000000000e+00 1.000000000000000000e+00 1.000000000000000000e+00 1.000000000000000000e+00 1.000000000000000000e+00 1.000000000000000000e+00 1.000000000000000000e+00 1.000000000000000000e+00 1.000000000000000000e+00 9.999509178364582862e-01 1.000000000000000000e+00 9.999509178364582862e-01 1.000000000000000000e+00 1.000000000000000000e+00 1.000000000000000000e+00 1.000000000000000000e+00 1.000000000000000000e+00
1.000000000000000000e+00 1.000000000000000000e+00 1.000000000000000000e+00 1.000000000000000000e+00 1.000000000000000000e+00 1.000000000000000000e+00 1.000000000000000000e+00 1.000000000000000000e+00 1.000000000000000000e+00 1.000000000000000000e+00 1.000000000000000000e+00 1.000000000000000000e+00 9.999509178364582862e-01 1.000000000000000000e+00 9.999509178364582862e-01 1.000000000000000000e+00 1.000000000000000000e+00 1.000000000000000000e+00 1.000000000000000000e+00 1.000000000000000000e+00
1.000000000000000000e+00 1.000000000000000000e+00 1.000000000000000000e+00 1.000000000000000000e+00 1.000000000000000000e+00 1.000000000000000000e+00 1.000000000000000000e+00 1.000000000000000000e+00 1.000000000000000000e+00 1.000000000000000000e+00 1.000000000000000000e+00 1.000000000000000000e+00 9.999509178364582862e-01 1.000000000000000000e+00 9.999509178364582862e-01 1.000000000000000000e+00 1.000000000000000000e+00 1.000000000000000000e+00 1.000000000000000000e+00 1.000000000000000000e+00
1.000000000000000000e+00 1.000000000000000000e+00 1.000000000000000000e+00 1.000000000000000000e+00 1.000000000000000000e+00 1.000000000000000000e+00 1.000000000000000000e+00 1.000000000000000000e+00 1.000000000000000000e+00 1.000000000000000000e+00 1.000000000000000000e+00 1.000000000000000000e+00 9.999509178364582862e-01 1.000000000000000000e+00 9.999509178364582862e-01 1.000000000000000000e+00 1.000000000000000000e+00 1.000000000000000000e+00 1.000000000000000000e+00 1.000000000000000000e+00
1.000000000000000000e+00 1.000000000000000000e+00 1.000000000000000000e+00 1.000000000000000000e+00 1.000000000000000000e+00 1.000000000000000000e+00 1.000000000000000000e+00 1.000000000000000000e+00 1.000000000000000000e+00 1.000000000000000000e+00 1.000000000000000000e+00 1.000000000000000000e+00 9.999509178364582862e-01 1.000000000000000000e+00 9.999509178364582862e-01 1.000000000000000000e+00 1.000000000000000000e+00 1.000000000000000000e+00 1.000000000000000000e+00 1.000000000000000000e+00
1.000000000000000000e+00 1.000000000000000000e+00 1.000000000000000000e+00 1.000000000000000000e+00 1.000000000000000000e+00 1.000000000000000000e+00 1.000000000000000000e+00 1.000000000000000000e+00 1.000000000000000000e+00 1.000000000000000000e+00 1.000000000000000000e+00 1.000000000000000000e+00 9.999509178364582862e-01 1.000000000000000000e+00 9.999509178364582862e-01 1.000000000000000000e+00 1.000000000000000000e+00 1.000000000000000000e+00 1.000000000000000000e+00 1.000000000000000000e+00
1.000000000000000000e+00 1.000000000000000000e+00 1.000000000000000000e+00 1.000000000000000000e+00 1.000000000000000000e+00 1.000000000000000000e+00 1.000000000000000000e+00 1.000000000000000000e+00 1.000000000000000000e+00 1.000000000000000000e+00 1.000000000000000000e+00 1.000000000000000000e+00 9.999509178364582862e-01 1.000000000000000000e+00 9.999509178364582862e-01 1.000000000000000000e+00 1.000000000000000000e+00 1.000000000000000000e+00 1.000000000000000000e+00 1.000000000000000000e+00
1.000000000000000000e+00 1.000000000000000000e+00 1.000000000000000000e+00 1.000000000000000000e+00 1.000000000000000000e+00 1.000000000000000000e+00 1.000000000000000000e+00 1.000000000000000000e+00 1.000000000000000000e+00 1.000000000000000000e+00 1.000000000000000000e+00 1.000000000000000000e+00 9.999509178364582862e-01 1.000000000000000000e+00 9.999509178364582862e-01 1.000000000000000000e+00 1.000000000000000000e+00 1.000000000000000000e+00 1.000000000000000000e+00 1.000000000000000000e+00
1.000000000000000000e+00 1.000000000000000000e+00 1.000000000000000000e+00 1.000000000000000000e+00 1.000000000000000000e+00 1.000000000000000000e+00 1.000000000000000000e+00 1.000000000000000000e+00 1.000000000000000000e+00 1.000000000000000000e+00 1.000000000000000000e+00 1.000000000000000000e+00 9.999509178364582862e-01 1.000000000000000000e+00 9.999509178364582862e-01 1.000000000000000000e+00 1.000000000000000000e+00 1.000000000000000000e+00 1.000000000000000000e+00 1.000000000000000000e+00
1.000000000000000000e+00 1.000000000000000000e+00 1.000000000000000000e+00 1.000000000000000000e+00 1.000000000000000000e+00 1.000000000000000000e+00 1.000000000000000000e+00 1.000000000000000000e+00 1.000000000000000000e+00 1.000000000000000000e+00 1.000000000000000000e+00 1.000000000000000000e+00 9.999509178364582862e-01 1.000000000000000000e+00 9.999509178364582862e-01 1.000000000000000000e+00 1.000000000000000000e+00 1.000000000000000000e+00 1.000000000000000000e+00 1.000000000000000000e+00
1.000000000000000000e+00 1.000000000000000000e+00 1.000000000000000000e+00 1.000000000000000000e+00 1.000000000000000000e+00 1.000000000000000000e+00 1.000000000000000000e+00 1.000000000000000000e+00 1.000000000000000000e+00 1.000000000000000000e+00 1.000000000000000000e+00 1.000000000000000000e+00 9.999509178364582862e-01 1.000000000000000000e+00 9.999509178364582862e-01 1.000000000000000000e+00 1.000000000000000000e+00 1.000000000000000000e+00 1.000000000000000000e+00 1.000000000000000000e+00
1.000000000000000000e+00 1.000000000000000000e+00 1.000000000000000000e+00 1.000000000000000000e+00 1.000000000000000000e+00 1.000000000000000000e+00 1.000000000000000000e+00 1.000000000000000000e+00 1.000000000000000000e+00 1.000000000000000000e+00 1.000000000000000000e+00 1.000000000000000000e+00 9.999509178364582862e-01 1.000000000000000000e+00 9.999509178364582862e-01 1.000000000000000000e+00 1.000000000000000000e+00 1.000000000000000000e+00 1.000000000000000000e+00 1.000000000000000000e+00
1.000000000000000000e+00 1.000000000000000000e+00 1.000000000000000000e+00 1.000000000000000000e+00 1.000000000000000000e+00 1.000000000000000000e+00 1.000000000000000000e+00 1.000000000000000000e+00 1.000000000000000000e+00 1.000000000000000000e+00 1.000000000000000000e+00 1.000000000000000000e+00 9.999509178364582862e-01 1.000000000000000000e+00 9.999509178364582862e-01 1.000000000000000000e+00 1.000000000000000000e+00 1.000000000000000000e+00 1.000000000000000000e+00 1.000000000000000000e+00
1.000000000000000000e+00 1.000000000000000000e+00 1.000000000000000000e+00 1.000000000000000000e+00 1.000000000000000000e+00 1.000000000000000000e+00 1.000000000000000000e+00 1.000000000000000000e+00 1.000000000000000000e+00 1.000000000000000000e+00 1.000000000000000000e+00 1.000000000000000000e+00 9.999509178364582862e-01 1.000000000000000000e+00 9.999509178364582862e-01 1.000000000000000000e+00 1.000000000000000000e+00 1.000000000000000000e+00 1.000000000000000000e+00 1.000000000000000000e+00
1.000000000000000000e+00 1.000000000000000000e+00 1.000000000000000000e+00 1.000000000000000000e+00 1.000000000000000000e+00 1.000000000000000000e+00 1.000000000000000000e+00 1.000000000000000000e+00 1.000000000000000000e+00 1.000000000000000000e+00 1.000000000000000000e+00 1.000000000000000000e+00 9.999509178364582862e-01 1.000000000000000000e+00 9.999509178364582862e-01 1.000000000000000000e+00 1.000000000000000000e+00 1.000000000000000000e+00 1.000000000000000000e+00 1.000000000000000000e+00
1.000000000000000000e+00 1.000000000000000000e+00 1.000000000000000000e+00 1.000000000000000000e+00 1.000000000000000000e+00 1.000000000000000000e+00 1.000000000000000000e+00 1.000000000000000000e+00 1.000000000000000000e+00 1.000000000000000000e+00 1.000000000000000000e+00 1.000000000000000000e+00 9.999509178364582862e-01 1.000000000000000000e+00 9.999509178364582862e-01 1.000000000000000000e+00 1.000000000000000000e+00 1.000000000000000000e+00 1.000000000000000000e+00 1.000000000000000000e+00
1.000000000000000000e+00 1.000000000000000000e+00 1.000000000000000000e+00 1.000000000000000000e+00 1.000000000000000000e+00 1.000000000000000000e+00 1.000000000000000000e+00 1.000000000000000000e+00 1.000000000000000000e+00 1.000000000000000000e+00 1.000000000000000000e+00 1.000000000000000000e+00 9.999509178364582862e-01 1.000000000000000000e+00 9.999509178364582862e-01 1.000000000000000000e+00 1.000000000000000000e+00 1.000000000000000000e+00 1.000000000000000000e+00 1.000000000000000000e+00
1.000000000000000000e+00 1.000000000000000000e+00 1.000000000000000000e+00 1.000000000000000000e+00 1.000000000000000000e+00 1.000000000000000000e+00 1.000000000000000000e+00 1.000000000000000000e+00 1.000000000000000000e+00 1.000000000000000000e+00 1.000000000000000000e+00 1.000000000000000000e+00 9.999509178364582862e-01 1.000000000000000000e+00 9.999509178364582862e-01 1.000000000000000000e+00 1.000000000000000000e+00 1.000000000000000000e+00 1.000000000000000000e+00 1.000000000000000000e+00
1.000000000000000000e+00 1.000000000000000000e+00 1.000000000000000000e+00 1.000000000000000000e+00 1.000000000000000000e+00 1.000000000000000000e+00 1.000000000000000000e+00 1.000000000000000000e+00 1.000000000000000000e+00 1.000000000000000000e+00 1.000000000000000000e+00 1.000000000000000000e+00 9.999509178364582862e-01 1.000000000000000000e+00 9.999509178364582862e-01 1.000000000000000000e+00 1.000000000000000000e+00 1.000000000000000000e+00 1.000000000000000000e+00 1.000000000000000000e+00
1.000000000000000000e+00 1.000000000000000000e+00 1.000000000000000000e+00 1.000000000000000000e+00 1.000000000000000000e+00 1.000000000000000000e+00 1.000000000000000000e+00 1.000000000000000000e+00 1.000000000000000000e+00 1.000000000000000000e+00 1.000000000000000000e+00 1.000000000000000000e+00 9.999509178364582862e-01 1.000000000000000000e+00 9.999509178364582862e-01 1.000000000000000000e+00 1.000000000000000000e+00 1.000000000000000000e+00 1.000000000000000000e+00 1.000000000000000000e+00
1.000000000000000000e+00 1.000000000000000000e+00 1.000000000000000000e+00 1.000000000000000000e+00 1.000000000000000000e+00 1.000000000000000000e+00 1.000000000000000000e+00 1.000000000000000000e+00 1.000000000000000000e+00 1.000000000000000000e+00 1.000000000000000000e+00 1.000000000000000000e+00 9.999509178364582862e-01 1.000000000000000000e+00 9.999509178364582862e-01 1.000000000000000000e+00 1.000000000000000000e+00 1.000000000000000000e+00 1.000000000000000000e+00 1.000000000000000000e+00
1.000000000000000000e+00 1.000000000000000000e+00 1.000000000000000000e+00 1.000000000000000000e+00 1.000000000000000000e+00 1.000000000000000000e+00 1.000000000000000000e+00 1.000000000000000000e+00 1.000000000000000000e+00 1.000000000000000000e+00 1.000000000000000000e+00 1.000000000000000000e+00 9.999509178364582862e-01 1.000000000000000000e+00 9.999509178364582862e-01 1.000000000000000000e+00 1.000000000000000000e+00 1.000000000000000000e+00 1.000000000000000000e+00 1.000000000000000000e+00
1.000000000000000000e+00 1.000000000000000000e+00 1.000000000000000000e+00 1.000000000000000000e+00 1.000000000000000000e+00 1.000000000000000000e+00 1.000000000000000000e+00 1.000000000000000000e+00 1.000000000000000000e+00 1.000000000000000000e+00 1.000000000000000000e+00 1.000000000000000000e+00 9.999509178364582862e-01 1.000000000000000000e+00 9.999509178364582862e-01 1.000000000000000000e+00 1.000000000000000000e+00 1.000000000000000000e+00 1.000000000000000000e+00 1.000000000000000000e+00
1.000000000000000000e+00 1.000000000000000000e+00 1.000000000000000000e+00 1.000000000000000000e+00 1.000000000000000000e+00 1.000000000000000000e+00 1.000000000000000000e+00 1.000000000000000000e+00 1.000000000000000000e+00 1.000000000000000000e+00 1.000000000000000000e+00 1.000000000000000000e+00 9.999509178364582862e-01 1.000000000000000000e+00 9.999509178364582862e-01 1.000000000000000000e+00 1.000000000000000000e+00 1.000000000000000000e+00 1.000000000000000000e+00 1.000000000000000000e+00
1.000000000000000000e+00 1.000000000000000000e+00 1.000000000000000000e+00 1.000000000000000000e+00 1.000000000000000000e+00 1.000000000000000000e+00 1.000000000000000000e+00 1.000000000000000000e+00 1.000000000000000000e+00 1.000000000000000000e+00 1.000000000000000000e+00 1.000000000000000000e+00 9.999509178364582862e-01 1.000000000000000000e+00 9.999509178364582862e-01 1.000000000000000000e+00 1.000000000000000000e+00 1.000000000000000000e+00 1.000000000000000000e+00 1.000000000000000000e+00
1.000000000000000000e+00 1.000000000000000000e+00 1.000000000000000000e+00 1.000000000000000000e+00 1.000000000000000000e+00 1.000000000000000000e+00 1.000000000000000000e+00 1.000000000000000000e+00 1.000000000000000000e+00 1.000000000000000000e+00 1.000000000000000000e+00 1.000000000000000000e+00 9.999509178364582862e-01 1.000000000000000000e+00 9.999509178364582862e-01 1.000000000000000000e+00 1.000000000000000000e+00 1.000000000000000000e+00 1.000000000000000000e+00 1.000000000000000000e+00
1.000000000000000000e+00 1.000000000000000000e+00 1.000000000000000000e+00 1.000000000000000000e+00 1.000000000000000000e+00 1.000000000000000000e+00 1.000000000000000000e+00 1.000000000000000000e+00 1.000000000000000000e+00 1.000000000000000000e+00 1.000000000000000000e+00 1.000000000000000000e+00 1.000000000000000000e+00 1.000000000000000000e+00 1.000000000000000000e+00 1.000000000000000000e+00 1.000000000000000000e+00 1.000000000000000000e+00 1.000000000000000000e+00 1.000000000000000000e+00
