0.000000000000000000e+00 0.000000000000000000e+00
9.894086008311244740e-01 9.198739897071426738e-03
9.951726056084551075e-01 4.555501256072078467e-03
9.971095513890253503e-01 2.835170415465303358e-03
9.980149946009617690e-01 1.951677168440681294e-03
9.986226317856091717e-01 1.413274496527137502e-03
9.989156523019534495e-01 1.128071650508941223e-03
9.991590589313178450e-01 9.384310933949481211e-04
9.993263064035862175e-01 7.780472282029019145e-04
9.994565786459868040e-01 6.388625999247171325e-04
9.995598147966363589e-01 5.016580303602182324e-04
9.996311884427866445e-01 4.234377220990682348e-04
9.997001079807598112e-01 3.682105067796981215e-04
9.997542619678675413e-01 3.302649150876366146e-04
9.997936095023070013e-01 2.825880790291954180e-04
9.998329161349431837e-01 2.267016697653814175e-04
9.998624881384771124e-01 1.966598328269651219e-04
9.998772127875398263e-01 1.745354075066929628e-04
9.998919374366022073e-01 1.509308451930097569e-04
9.999042079774878022e-01 1.357044897733314024e-04
9.999091161938420402e-01 1.346381242846185608e-04
9.999189326265500721e-01 1.194760917730431098e-04
9.999336572756127861e-01 9.216943363762613738e-05
9.999385654919666910e-01 8.193475465879529864e-05
9.999434737083209290e-01 7.324639325553307379e-05
9.999508360328522860e-01 5.376737635405039081e-05
9.999557851510093576e-01 5.354636534572249822e-05
9.999557851510093576e-01 5.354636534572249822e-05
9.999631474755406035e-01 4.878505000406757901e-05
9.999729639082488575e-01 3.951840253592294627e-05
9.999729639082488575e-01 3.951840253592294627e-05
9.999754180164259765e-01 3.295627080309093064e-05
9.999778721246030955e-01 3.286782458879901851e-05
9.999778721246030955e-01 3.286782458879901851e-05
9.999778721246030955e-01 3.286782458879901851e-05
9.999778721246030955e-01 3.286782458879901851e-05
9.999778721246030955e-01 3.286782458879901851e-05
9.999852753509372860e-01 2.732779210183185702e-05
9.999877294591144050e-01 2.631737826337230765e-05
9.999877294591144050e-01 2.631737826337230765e-05
9.999877294591144050e-01 2.631737826337230765e-05
9.999877294591144050e-01 2.631737826337230765e-05
9.999901835672915240e-01 2.502709096687469800e-05
9.999901835672915240e-01 2.502709096687469800e-05
9.999901835672915240e-01 2.502709096687469800e-05
9.999901835672915240e-01 2.502709096687469800e-05
9.999901835672915240e-01 2.502709096687469800e-05
9.999926376754686430e-01 1.752583790255921839e-05
9.999926376754686430e-01 1.752583790255921839e-05
9.999926376754686430e-01 1.752583790255921839e-05
9.999950917836457620e-01 1.472464906251414043e-05
9.999950917836457620e-01 1.472464906251414043e-05
9.999950917836457620e-01 1.472464906251414043e-05
9.999950917836457620e-01 1.472464906251414043e-05
9.999950917836457620e-01 1.472464906251414043e-05
9.999950917836457620e-01 1.472464906251414043e-05
9.999950917836457620e-01 1.472464906251414043e-05
9.999950917836457620e-01 1.472464906251414043e-05
9.999950917836457620e-01 1.472464906251414043e-05
9.999950917836457620e-01 1.472464906251414043e-05
9.999950917836457620e-01 1.472464906251414043e-05
9.999950917836457620e-01 1.472464906251414043e-05
9.999950917836457620e-01 1.472464906251414043e-05
9.999950917836457620e-01 1.472464906251414043e-05
9.999950917836457620e-01 1.472464906251414043e-05
9.999950917836457620e-01 1.472464906251414043e-05
9.999950917836457620e-01 1.472464906251414043e-05
9.999950917836457620e-01 1.472464906251414043e-05
9.999950917836457620e-01 1.472464906251414043e-05
9.999950917836457620e-01 1.472464906251414043e-05
9.999950917836457620e-01 1.472464906251414043e-05
9.999950917836457620e-01 1.472464906251414043e-05
9.999950917836457620e-01 1.472464906251414043e-05
9.999950917836457620e-01 1.472464906251414043e-05
9.999950917836457620e-01 1.472464906251414043e-05
9.999950917836457620e-01 1.472464906251414043e-05
9.999950917836457620e-01 1.472464906251414043e-05
9.999950917836457620e-01 1.472464906251414043e-05
9.999950917836457620e-01 1.472464906251414043e-05
9.999950917836457620e-01 1.472464906251414043e-05
9.999950917836457620e-01 1.472464906251414043e-05
9.999950917836457620e-01 1.472464906251414043e-05
9.999950917836457620e-01 1.472464906251414043e-05
9.999950917836457620e-01 1.472464906251414043e-05
9.999950917836457620e-01 1.472464906251414043e-05
9.999950917836457620e-01 1.472464906251414043e-05
9.999950917836457620e-01 1.472464906251414043e-05
9.999950917836457620e-01 1.472464906251414043e-05
9.999950917836457620e-01 1.472464906251414043e-05
9.999950917836457620e-01 1.472464906251414043e-05
9.999950917836457620e-01 1.472464906251414043e-05
9.999950917836457620e-01 1.472464906251414043e-05
9.999950917836457620e-01 1.472464906251414043e-05
9.999950917836457620e-01 1.472464906251414043e-05
9.999950917836457620e-01 1.472464906251414043e-05
9.999950917836457620e-01 1.472464906251414043e-05
9.999950917836457620e-01 1.472464906251414043e-05
9.999950917836457620e-01 1.472464906251414043e-05
9.999950917836457620e-01 1.472464906251414043e-05
1.000000000000000000e+00 0.000000000000000000e+00
