# Accuracy (train)	Balanced Accuracy (train)	Balanced F-score (train)	ROC AUC (train)	Accuracy (test)	Balanced Accuracy (test)	Balanced F-score (test)	ROC AUC (test)
9.833968426782797589e-01 9.857679904307959928e-01 9.879225857545907985e-01 9.991479035972752332e-01 6.895209580838322916e-01 6.847305389221556293e-01 7.501405509597622867e-01 7.865539056617304459e-01
9.916303756124115187e-01 9.915811234673510555e-01 9.938490773616042162e-01 9.996560770674220997e-01 6.765469061876246970e-01 6.245841650033266967e-01 7.655696202531644401e-01 6.826180117666008629e-01
9.953912399919262466e-01 9.946710793868936973e-01 9.966377892851007170e-01 9.998803858437468328e-01 7.042122651249225207e-01 7.151114437791084022e-01 7.619443290402991842e-01 8.263198403592018071e-01
9.902778712238444747e-01 9.908829881221163927e-01 9.928815980689179588e-01 9.996609698887436446e-01 6.460871360726821999e-01 6.071024617431803883e-01 7.345105328376704268e-01 6.666139776335552325e-01
9.937057702776265211e-01 9.931730346229217243e-01 9.954557736238364152e-01 9.997802405724853791e-01 6.570858283433134162e-01 6.383982035928144061e-01 7.297467358817052441e-01 7.259638880920793458e-01
9.963255307566685204e-01 9.959081836327344783e-01 9.973047167456949857e-01 9.999064211184134354e-01 8.033932135728543145e-01 7.207965022336280114e-01 8.684737615168914848e-01 8.364366220510219829e-01
9.834151920877346464e-01 9.808150093256110535e-01 9.879003558718861822e-01 9.983199593184858278e-01 6.106752013214948871e-01 5.753908848968729561e-01 7.030942445476734415e-01 6.075768622435766542e-01
9.901769494718428710e-01 9.901441262673715826e-01 9.928153142069779946e-01 9.995464151000752473e-01 7.360107371463968651e-01 7.145625415834996330e-01 8.011509448635196762e-01 8.093597983673372909e-01
9.839412084921066448e-01 9.811542670578696779e-01 9.884160408383643182e-01 9.983735097347816723e-01 6.993013972055888150e-01 6.849550898203592419e-01 7.634822199544704091e-01 7.449189420560078378e-01
9.953388677191072897e-01 9.934167379526661623e-01 9.965890700858955897e-01 9.999037372218779751e-01 6.861277445109780215e-01 6.037686531698507331e-01 7.831483141419017802e-01 6.698147284937775447e-01
9.896387001278341700e-01 9.892886942742149525e-01 9.924246150819027168e-01 9.993814188364495976e-01 6.435060912657444288e-01 6.529856952761143862e-01 7.084353626614876553e-01 7.379319454902569797e-01
9.904797147278476821e-01 9.917822434755780847e-01 9.930214780657411477e-01 9.996618463559495682e-01 7.257897997109229449e-01 7.170326014637391498e-01 7.882653061224490498e-01 7.936938249250001798e-01
9.945903647250952107e-01 9.943055601002003252e-01 9.960938459648691623e-01 9.998171365568112590e-01 7.035928143712575356e-01 6.723053892215569149e-01 7.751022262607905056e-01 7.425854055362329786e-01
9.886363636363636465e-01 9.874180211006557961e-01 9.916591749076016926e-01 9.993147313158116107e-01 6.948103792415170066e-01 6.618667427050660690e-01 7.734479182101051675e-01 7.385288590199129422e-01
9.884276391038148146e-01 9.850211754476994042e-01 9.915801840610924955e-01 9.991849169881641402e-01 7.236217220730951638e-01 6.698103792415168733e-01 8.020116855262183764e-01 7.331430950474300268e-01
9.912198075758594795e-01 9.914255213226942365e-01 9.935772817875334617e-01 9.996215813475350931e-01 6.964691307041089852e-01 6.814121756487026005e-01 7.661841895975823880e-01 7.310842138079131081e-01
9.854041916167665116e-01 9.865669389817814938e-01 9.894092379094970857e-01 9.992377569392479897e-01 7.480039920159680111e-01 7.371257485029940604e-01 8.028729799359825003e-01 8.169244146437664167e-01
9.892827980402830734e-01 9.852687482178499323e-01 9.921733296891693810e-01 9.995140546537377713e-01 7.204590818363273419e-01 5.972103412223173091e-01 8.193019805173858972e-01 6.533410462602975421e-01
9.934737267038955544e-01 9.932433143081518256e-01 9.952324781283791166e-01 9.997702973640149038e-01 6.653933512285773455e-01 6.325349301397205082e-01 7.477624717876878435e-01 7.144528806658141384e-01
9.941465383839063197e-01 9.935316720189597550e-01 9.957275450572116160e-01 9.997280432473900635e-01 6.835639066694197963e-01 6.354624085163007585e-01 7.686617857951543176e-01 7.289422402699590187e-01
