# Accuracy (train)	Balanced Accuracy (train)	Balanced F-score (train)	ROC AUC (train)	Accuracy (test)	Balanced Accuracy (test)	Balanced F-score (test)	ROC AUC (test)
9.985699985699986181e-01 9.989572906239572170e-01 9.991652057767760331e-01 9.999883099649532481e-01 9.978549978549978716e-01 9.981231231231231238e-01 9.987474949899799448e-01 9.999864729594458712e-01
9.999284999284999698e-01 9.999582916249583064e-01 9.999582898852972246e-01 1.000000000000000000e+00 9.989274989274988803e-01 9.987487487487487492e-01 9.993741394417323676e-01 9.999969939909880701e-01
1.000000000000000000e+00 1.000000000000000000e+00 1.000000000000000000e+00 1.000000000000000000e+00 9.993564993564993948e-01 9.989989989989989105e-01 9.996245776498561275e-01 9.999800851902954646e-01
9.999284999284999698e-01 9.999582916249583064e-01 9.999582898852972246e-01 1.000000000000000000e+00 9.980694980694980734e-01 9.982482482482482045e-01 9.988728866624921876e-01 9.997414832249665873e-01
9.994994994994994553e-01 9.997080413747080341e-01 9.997079561099754264e-01 9.999977872433660764e-01 9.984984984984984768e-01 9.991241241241241022e-01 9.991233562930494916e-01 9.999943637331024648e-01
9.991419991419991931e-01 9.986653319986653621e-01 9.994994159853162197e-01 9.999891032173314764e-01 9.993564993564993948e-01 9.996246246246246470e-01 9.996244836650394205e-01 9.999954909864819941e-01
9.997139997139997680e-01 9.998331664998332258e-01 9.998331386617720362e-01 1.000000000000000000e+00 9.976404976404976699e-01 9.979979979979980431e-01 9.986220719027935067e-01 9.997407317227137158e-01
9.990704990704990518e-01 9.988321654988321363e-01 9.994576327756685696e-01 9.999867652103221483e-01 9.982839982839982751e-01 9.977477477477476597e-01 9.989984977466199734e-01 9.999812124436748828e-01
9.996424996424996268e-01 9.997914581247915322e-01 9.997914146260064028e-01 9.999976202428655370e-01 9.982839982839982751e-01 9.977477477477476597e-01 9.989984977466199734e-01 9.999308617927237242e-01
9.992849992849992535e-01 9.993743743743743746e-01 9.995827770360481423e-01 9.999989562468708515e-01 9.989274989274988803e-01 9.993743743743743746e-01 9.993739827219231264e-01 9.997471194918643445e-01
9.993564993564993948e-01 9.992075408742076004e-01 9.996245463268115250e-01 9.999953657361064785e-01 9.984984984984984768e-01 9.978728728728728514e-01 9.991237952184253146e-01 9.999921092263434064e-01
1.000000000000000000e+00 1.000000000000000000e+00 1.000000000000000000e+00 1.000000000000000000e+00 9.989274989274988803e-01 9.981231231231231238e-01 9.993742960830935829e-01 9.999605461317173649e-01
9.997139997139997680e-01 9.998331664998332258e-01 9.998331386617720362e-01 9.999991649974967478e-01 9.991419991419991931e-01 9.982482482482482045e-01 9.994994994994994553e-01 9.999808366925483361e-01
9.999284999284999698e-01 9.997497497497497276e-01 9.999582933644742821e-01 1.000000000000000000e+00 9.989274989274988803e-01 9.981231231231231238e-01 9.993742960830935829e-01 9.999428858287717770e-01
9.999284999284999698e-01 9.999582916249583064e-01 9.999582898852972246e-01 9.999999164997496193e-01 9.993564993564993948e-01 9.996246246246246470e-01 9.996244836650394205e-01 9.999921092263434064e-01
9.996424996424996268e-01 9.991658324991657958e-01 9.997914668223714107e-01 9.999968269904873086e-01 9.987129987129986786e-01 9.992492492492492939e-01 9.992486851990983743e-01 9.999177105032961421e-01
9.997139997139997680e-01 9.996246246246245359e-01 9.998331525819638133e-01 9.999991232473715019e-01 9.984984984984984768e-01 9.991241241241241022e-01 9.991233562930494916e-01 9.999984969954940350e-01
9.996424996424996268e-01 9.991658324991657958e-01 9.997914668223714107e-01 9.999984134952435433e-01 9.982839982839982751e-01 9.964964964964965199e-01 9.989989989989990216e-01 9.999338678017355431e-01
9.999284999284999698e-01 9.999582916249583064e-01 9.999582898852972246e-01 9.999999582498747541e-01 9.995709995709995965e-01 9.991241241241241022e-01 9.997497497497497276e-01 9.999977454932409415e-01
9.990704990704990518e-01 9.994577911244577617e-01 9.994574969745024795e-01 9.999944889834779804e-01 9.987129987129986786e-01 9.986236236236236685e-01 9.992488733099649245e-01 9.990532950367784215e-01
